0
43;1810,1890,971,569,981;1723,782,1099,632,1884;1071,809,1790,177,1310;594,478,358,1596,1356;
1
1440;589,655,1397,316,1343;1006,1407,1457,817,78;676,1828,1444,1870,1879;1336,1120,552,637,441;
2
1097;1122,558,282,423,1330;1130,1070,38,1592,0;1220,49,335,1280,141;1146,626,848,351,1054;
3
504;823,1845,1463,1166,1836;1269,1128,813,1512,1010;150,1664,910,323,1415;1026,648,1105,514,1005;
4
542;1810,504,1699,901,1894;269,1858,800,1351,316;1016,1155,1255,1062,742;508,720,163,1794,1169;
5
273;1359,500,1203,1547,1772;1615,1579,166,1043,573;1112,1410,1195,1466,412;956,1897,1218,844,1282;
6
1828;909,595,1427,1531,1071;1620,675,154,539,537;1183,1291,587,361,922;46,825,791,1016,1341;
7
1342;277,1897,1683,1343,1415;1321,1306,104,1099,596;400,809,537,62,1338;205,1210,1497,345,1098;
8
294;571,1058,1456,573,1733;1316,1518,373,1440,594;547,1362,643,277,1626;699,398,1267,219,1211;
9
1585;679,1727,30,1608,462;1845,1162,341,1832,991;78,1387,42,1728,1695;150,161,1852,912,762;
10
1164;1294,610,496,1890,853;142,1647,1584,1092,1745;1151,1287,980,645,1636;1823,1585,1480,1610,317;
11
1043;1513,788,877,1407,350;1039,878,1557,1732,315;583,1291,1077,1085,1287;1655,659,540,410,339;
12
835;473,259,1319,269,1172;627,1157,1602,1077,826;690,1045,552,1576,28;1265,33,1062,393,355;
13
963;782,52,1395,1648,94;1533,825,855,1226,351;718,524,883,381,715;720,884,93,405,692;
14
669;1192,1318,1302,765,878;1587,1706,1885,764,440;787,1022,1123,1461,327;717,808,1894,448,1621;
15
1415;1416,657,1437,168,588;708,234,422,10,573;1829,1103,562,1687,1167;495,360,450,1033,454;
16
1190;551,968,779,484,427;1727,1458,954,356,1316;665,1205,685,151,31;1305,1192,1592,1854,786;
17
1699;148,3,460,318,1489;269,1145,998,1267,1378;1377,782,1426,218,1594;15,1873,1421,57,558;
18
1748;1616,695,1678,826,1102;1623,1030,1359,968,72;1336,1566,1563,749,1264;1683,1435,1097,1633,1157;
19
1134;545,1464,29,1662,491;1262,661,856,1362,1793;59,140,517,781,1719;940,41,1020,555,1212;
20
815;1399,1036,1284,361,1492;1152,701,884,24,406;1439,245,1315,998,1531;844,1052,1481,713,765;
21
852;315,341,460,1899,1101;1834,996,176,316,240;1166,1176,673,1597,469;1274,85,363,980,380;
22
593;1297,1068,1433,302,1472;721,1063,1010,469,562;1348,678,509,1533,1360;1370,1259,1872,1258,59;
23
1155;573,1260,996,1532,349;36,426,1572,198,178;262,1013,518,563,476;1227,638,1197,41,1756;
24
336;846,1053,1622,1568,329;1426,1360,1639,1583,1394;1320,602,183,515,1102;1885,795,1010,1157,1805;
25
316;1586,1214,338,901,257;1768,475,430,1325,277;1162,1215,1540,1071,1688;43,1019,1094,200,1250;
26
1813;1888,251,1372,1536,1714;840,459,1172,337,1025;521,604,1727,1327,751;883,1663,1261,451,446;
27
1376;398,272,1886,378,1422;1013,1764,60,187,127;1881,1089,724,351,1671;1464,1388,1404,833,1101;
28
1287;702,1477,877,1038,1375;1251,1867,671,1315,1510;752,79,680,1599,775;972,838,1148,1713,1460;
29
349;1410,202,821,637,1056;242,196,1371,1694,1826;1130,1172,384,250,1754;1539,610,594,35,1492;
30
1053;577,595,1771,500,9;1766,1469,498,1606,1734;1566,1253,438,703,837;1879,1875,408,896,717;
31
280;655,593,1076,1159,1752;353,1246,856,741,1787;266,1723,996,560,434;1415,779,1825,153,140;
32
1846;1113,493,126,1255,1497;1571,166,203,1784,1364;635,161,1829,443,138;46,465,1287,390,945;
33
1041;933,291,1443,412,1630;1020,748,307,88,1635;1496,1609,1590,14,292;1623,648,1114,743,785;
34
899;1624,814,988,1075,1093;778,1265,1626,1745,574;1054,340,400,971,578;1792,273,1594,1762,969;
35
1176;1459,1772,1794,1361,648;29,763,333,659,1324;1182,788,546,146,541;1717,804,1087,1267,1277;
36
726;517,463,1339,796,1789;1741,161,1686,1214,874;1443,331,773,360,713;438,488,1553,980,530;
37
524;1652,500,412,885,734;1531,811,1884,1279,647;1224,1514,1506,561,1414;715,850,1670,250,409;
38
497;1594,1578,1206,1158,214;854,1627,1136,1641,605;1043,170,1147,1732,1087;932,1418,203,851,931;
39
806;1865,1040,517,1462,1349;397,1443,369,905,472;1079,1529,568,467,299;338,1809,1556,565,1652;
40
1562;1481,468,649,1198,464;65,1326,1598,685,906;1325,244,1259,81,120;871,1004,1880,285,1263;
41
1376;1025,1599,890,726,1099;1042,1784,671,1889,55;14,261,1684,1360,1847;39,1216,455,433,1893;
42
1660;1088,407,1192,1695,1014;1174,211,404,1333,368;883,1391,134,154,1288;1020,1620,654,1725,61;
43
389;523,931,188,942,560;1148,255,1851,1362,55;881,904,853,119,168;261,823,93,581,879;
44
259;1233,913,1009,1210,1831;1693,330,142,1082,1877;1231,692,1149,129,79;985,383,1463,362,1503;
45
15;1619,308,656,1504,744;1099,984,289,1731,1808;1208,1405,446,1385,1818;560,189,255,1499,1500;
46
567;1311,572,893,836,1494;182,1256,1675,92,1822;1296,24,184,1512,1891;575,1735,1157,1869,1611;
47
1241;1484,981,365,80,1809;173,36,1079,676,1140;1379,404,1044,1621,891;1123,1757,1102,657,1732;
48
66;1214,1593,1159,607,991;275,1441,1851,409,1832;717,1546,509,1722,863;434,1038,1672,216,1145;
49
170;342,1800,509,1807,1195;933,1200,359,619,1287;56,1029,1535,471,959;963,230,591,1841,1877;
50
1484;1256,1553,33,1278,316;1690,1473,226,1449,40;1472,902,904,1314,1860;697,523,415,1776,1351;
51
370;1795,662,465,1696,1223;814,862,891,1372,700;213,1823,263,1303,16;761,80,649,1825,1661;
52
723;278,441,763,1334,353;969,1829,106,1118,492;1008,845,762,196,1783;826,134,1603,381,1355;
53
1647;429,1898,554,170,1191;293,1433,1063,719,512;962,629,476,1533,373;1170,367,796,507,66;
54
603;1439,1861,1570,159,1026;1125,1486,1725,1578,826;844,1883,275,1170,849;268,52,1012,671,319;
55
1329;177,80,772,97,743;823,960,268,156,589;928,65,978,63,1631;1569,1706,1753,1858,1646;
56
212;1618,1489,1240,119,1518;39,1826,3,233,787;1059,1064,1553,1412,358;216,121,1635,1427,1158;
57
174;1599,1765,21,1833,642;23,1381,1686,1223,219;169,1855,416,1015,955;612,1054,1062,401,39;
58
1610;702,297,234,468,347;1605,962,355,1602,1555;1038,1557,1816,737,1330;502,786,619,10,858;
59
870;933,1832,162,1272,1189;6,1005,1735,1861,1389;1757,354,962,1061,1441;1601,589,924,1126,298;
60
426;619,822,142,1335,604;1336,1248,1879,1725,945;27,1586,305,987,185;431,919,713,1123,991;
61
684;343,1642,319,220,340;432,775,137,537,946;847,693,245,1894,157;184,1025,875,1376,1483;
62
592;269,1235,263,897,1304;1206,1699,1790,109,689;662,1348,1321,648,627;394,1470,546,66,1236;
63
10;1210,1583,925,1504,817;228,908,287,1250,1003;1305,1352,1728,1275,1689;776,488,1617,575,855;
64
260;1259,521,1863,1135,1676;277,89,1285,1574,264;550,1051,389,1156,1242;796,1666,1369,829,1620;
65
734;796,1133,290,1501,237;769,1805,1004,1112,660;1067,83,865,1324,1475;1405,481,1890,40,371;
66
1102;1092,31,298,1576,1829;1069,586,886,1418,1893;1033,1451,1409,1374,1064;1070,618,1554,1077,1097;
67
673;1200,1684,800,14,546;1555,1596,922,315,439;334,1783,1128,1055,440;1177,1638,929,640,1364;
68
1519;21,1536,1641,832,1076;951,594,1025,1141,1301;1264,1291,1639,1858,202;648,343,1088,1790,975;
69
1281;1800,950,256,891,1547;1738,48,1809,866,189;1018,1284,1338,1573,1256;1282,192,1482,1631,600;
70
1695;1065,691,876,662,594;695,801,1665,196,1158;125,73,1703,1194,1672;800,466,1680,1154,1259;
71
68;1054,892,824,1218,1624;215,1548,275,1489,701;1145,897,1030,49,1893;359,654,243,592,874;
72
1364;178,237,1746,829,12;661,522,1636,1771,701;714,3,1889,207,102;1584,586,182,1535,616;
73
726;437,1166,1298,456,128;1308,614,857,924,166;491,1531,115,1410,51;1318,99,753,565,382;
74
1844;460,1784,124,784,1433;184,1376,1339,14,495;1247,340,1665,1118,852;681,979,942,270,951;
75
1688;1375,367,1510,563,629;608,962,823,1788,190;538,1343,257,1654,422;1248,128,1790,927,577;
76
1076;1004,1621,475,1384,85;1451,1162,306,1008,597;588,1181,282,233,291;1335,1026,312,1824,814;
77
1419;1265,494,297,881,1403;1125,489,530,77,379;824,421,728,835,1544;1498,351,564,711,45;
78
447;519,843,41,354,828;1834,1092,384,1184,1600;538,1248,1849,802,811;1003,1270,1406,919,509;
79
949;1713,1733,988,369,1118;66,1002,1134,1271,232;92,1388,1476,1693,1150;916,495,437,236,558;
80
1449;1375,593,453,99,1854;6,731,1363,441,1247;550,924,1873,145,1673;1145,1007,1088,1760,1690;
81
1246;191,1520,1882,1646,351;636,647,261,1294,1854;23,35,833,1671,438;1677,1462,937,359,1629;
82
751;1711,138,1348,1801,59;1595,815,1238,58,127;431,295,75,1182,1241;1757,1146,1387,329,914;
83
595;1128,1437,1453,531,578;942,162,1379,13,262;1517,1324,1034,1521,1056;435,948,356,1748,818;
84
584;266,1091,1426,319,1565;1874,1079,1194,1664,156;397,471,839,1122,344;1826,1329,1898,965,653;
85
1573;760,172,1329,956,1612;1422,900,439,119,739;927,209,76,1654,1245;1477,793,36,957,1878;
86
278;1856,1623,442,1313,181;111,588,1462,1240,1460;1212,747,765,80,1097;296,1325,285,1365,600;
87
1715;1114,704,142,1603,193;280,1408,804,805,595;1656,1121,1287,628,145;325,330,587,1064,1390;
88
1382;1743,879,1709,964,1162;1586,1346,1242,615,1230;161,1075,560,901,998;51,1064,1198,1118,1436;
89
1313;127,787,978,1266,701;807,842,294,1304,1750;841,604,1706,351,929;703,1454,222,1793,1790;
90
233;645,686,1016,1439,1081;853,733,1195,1853,1765;1435,665,12,59,664;1347,893,1795,1143,281;
91
1434;1748,177,1663,1654,1666;1500,1331,428,996,806;1788,388,464,1362,188;1842,1346,87,796,1588;
92
1677;270,390,522,1525,716;476,1229,709,449,1253;906,1495,7,368,1594;290,1105,228,1047,1584;
93
1781;1415,1571,1713,351,2;1056,1683,246,315,826;618,471,878,1746,1638;989,1318,15,509,1328;
94
1463;417,1004,1837,1729,761;1633,298,1431,672,1536;726,971,1850,295,1170;283,1371,326,674,1673;
95
857;1804,1834,1098,116,1679;835,825,1097,1792,1436;1605,72,1433,69,1391;1117,1384,113,1547,783;
96
1144;1815,617,1280,267,1011;171,1059,1456,58,1614;1731,124,1557,331,16;1234,1843,1466,766,579;
97
1843;972,1241,1024,301,451;756,211,824,1694,774;1310,1572,1160,619,1367;1490,1799,1377,791,1606;
98
1206;1734,1091,1816,667,1569;521,50,492,1676,937;766,1376,1534,904,354;74,639,1331,813,215;
99
1717;1044,47,1355,121,1817;539,749,591,170,1411;1087,1586,725,454,1702;1174,1302,896,1741,387;
100
1225;118,1215,452,1405,1535;614,1118,346,579,1101;909,1372,491,1538,1077;1816,1630,77,241,734;
101
284;1169,1605,530,487,1141;784,777,60,211,244;253,1726,383,462,1611;747,845,1322,364,472;
102
787;475,527,156,1106,412;1244,767,1802,168,159;103,1738,261,995,1158;1841,1306,230,1384,1048;
103
922;428,1260,11,413,30;1682,1595,1624,1539,1425;1770,281,1244,1506,1664;151,647,701,502,1552;
104
1400;799,640,435,721,4;1586,1607,462,1754,951;1498,807,572,770,173;1016,1719,254,346,1115;
105
144;1774,1463,1546,1548,751;862,1084,593,1252,1244;1728,644,784,630,1758;1426,304,351,695,146;
106
1803;992,1108,153,111,969;43,1091,1034,512,239;553,1060,551,1569,1654;1797,1188,788,796,590;
107
1395;1110,1789,1356,1291,101;454,357,188,56,1407;122,14,1509,176,933;1443,994,518,336,1696;
108
36;568,1228,1743,694,1424;665,51,856,282,765;1432,1083,596,1799,55;1128,1859,1258,750,148;
109
1744;1894,106,1100,1082,478;1735,1290,522,1111,1457;1435,100,1283,999,558;1533,982,675,374,901;
110
196;348,1801,254,1043,1514;1773,480,245,746,360;863,623,1111,946,32;1608,158,1296,1287,752;
111
758;892,1665,674,114,244;1007,1717,972,214,374;1073,950,1838,1382,964;1130,473,750,792,56;
112
881;504,178,1558,77,177;1622,574,555,1491,552;148,281,841,501,502;439,669,789,1716,1011;
113
1452;83,1570,681,1766,1144;1299,791,1162,1052,314;1464,1148,265,658,542;330,1432,1818,1532,967;
114
1391;1287,900,826,1713,458;660,701,1812,771,537;373,1665,1773,1695,882;84,1211,654,1020,1572;
115
1283;1441,635,1486,406,1227;1020,396,79,26,177;897,1355,931,55,933;787,565,385,899,374;
116
1427;381,227,737,1022,412;1265,1560,1540,93,575;312,1858,907,1636,680;95,1618,1546,1865,209;
117
396;1334,1755,1502,1166,1205;5,1253,1784,78,671;1780,20,885,378,1182;1095,641,1250,1895,486;
118
1405;1888,1840,362,185,1092;1489,1551,153,1805,1608;82,1153,1672,920,296;241,905,1589,1197,145;
119
1039;1494,1044,669,1639,398;1733,920,1049,1183,1064;823,1873,418,317,1711;211,510,1519,1024,1865;
120
1121;72,1340,605,1386,1622;743,1779,1698,1753,1745;20,1022,1593,455,1739;1412,1703,67,1150,1174;
121
881;722,1252,916,334,393;1108,1393,162,1347,802;715,557,1609,1187,179;636,1530,814,594,1199;
122
966;783,1628,233,1438,1616;1032,1774,32,621,1752;1052,1394,1070,1729,1085;1210,910,472,725,1885;
123
1776;1304,1038,1826,1331,73;1799,182,1503,1025,1705;1158,1716,564,965,390;721,1789,541,1305,778;
124
1787;1809,881,875,1704,1603;865,306,1202,1153,385;615,1314,40,870,939;1672,792,903,259,1767;
125
601;1619,955,1566,403,1687;1349,817,1177,1069,1249;92,1147,265,1345,1518;1173,1748,378,1319,1364;
126
1360;1529,167,126,1494,383;560,372,936,1309,1881;1439,72,1593,1118,944;1649,1722,622,486,940;
127
27;882,77,949,601,1131;620,1658,1533,787,880;1306,1744,750,823,1645;1305,1546,1179,1447,1362;
128
1283;1110,249,1716,660,1215;790,608,1693,1111,1028;553,565,1043,734,289;920,1289,1806,1768,275;
129
371;864,522,604,1320,751;1592,1466,1501,1292,932;249,1089,1566,1052,1348;1116,1136,1665,263,360;
130
247;770,1442,625,1486,646;842,784,832,197,1031;622,1322,124,123,482;1115,479,1346,105,553;
131
864;716,398,1162,1144,253;1345,1485,277,1355,19;1494,61,1288,1747,124;583,166,264,1457,115;
132
1232;1304,1448,844,1163,211;41,1731,1692,1767,1734;1617,1512,958,33,1520;1882,850,1554,1355,1165;
133
1622;434,717,71,114,1440;1154,180,149,1042,519;1419,953,227,965,337;1162,1534,674,977,1502;
134
727;1852,1490,49,127,1634;633,573,348,1554,786;1068,252,1851,73,463;674,1318,1471,325,592;
135
1511;424,96,61,1234,1136;1233,608,190,460,109;1270,1676,3,1566,222;1364,776,910,956,729;
136
1228;1570,1462,1863,608,640;1035,606,1136,923,925;1856,1426,747,1720,1693;830,1075,1183,533,1758;
137
759;1239,55,669,1331,322;683,161,424,1007,1889;1339,756,1643,1335,630;493,1882,1016,790,190;
138
371;1247,1800,1220,136,141;465,630,392,90,185;77,1311,872,1640,1411;855,1543,885,601,961;
139
465;1274,759,635,1209,727;585,590,1416,1605,497;210,568,1345,364,7;1530,1192,831,1050,1172;
140
496;648,66,83,79,944;1466,1709,1496,1818,272;242,1655,1463,42,130;992,470,118,1865,1656;
141
1297;1796,401,1206,35,78;601,72,1284,1464,1502;802,1000,99,957,1268;1522,1307,686,177,1875;
142
670;1383,1309,1729,138,720;142,22,1851,221,854;1494,341,1204,1358,1492;1468,385,837,1391,13;
143
1637;292,1665,340,1146,157;605,1857,1196,1760,1314;1141,971,208,78,1276;1222,888,1071,1065,1437;
144
488;1768,1539,247,1300,1477;1114,1339,1198,1800,1110;1173,567,731,1056,1294;76,1625,1896,788,859;
145
309;217,1746,14,1854,1381;884,1402,213,847,1407;1756,487,1595,1217,1470;1365,1545,951,1628,1834;
146
1113;1616,1667,1347,842,1237;1359,1544,490,894,1470;1081,1732,325,1764,1780;1389,1159,106,497,653;
147
1167;1318,1564,1509,940,680;664,280,1845,1270,103;1828,203,1623,1682,439;434,740,1496,176,1718;
148
1756;518,1562,776,85,9;1509,976,67,77,1506;980,1362,896,65,847;1339,786,1134,942,824;
149
298;1236,9,722,757,180;387,703,1365,1511,1670;225,1250,563,1562,1108;1661,1505,296,1150,1435;
150
1831;64,590,1633,1625,806;328,1864,453,277,1516;662,1473,1703,1854,1811;718,627,251,1300,1356;
151
1165;332,409,258,1498,1737;447,18,313,241,1312;1850,1523,414,1243,211;1532,669,582,545,643;
152
88;844,786,1828,1233,1273;1577,351,1579,1445,234;1613,319,682,543,374;1591,1446,1687,602,1129;
153
1228;428,1149,969,739,221;1691,427,542,1200,262;365,153,1865,1742,408;1446,527,234,1338,1319;
154
1827;1346,320,209,1364,431;639,1038,1328,1483,1237;1694,629,1111,322,1516;1177,638,1454,477,1731;
155
1234;808,1881,1803,1553,1628;417,1897,1137,72,1109;1502,800,1823,1026,1366;571,1706,1336,1150,13;
156
1344;715,1448,457,1255,139;459,1804,420,1105,173;1862,512,1149,619,1495;1278,643,1187,220,707;
157
1160;552,354,242,1718,1728;1720,98,556,891,829;996,1331,1217,1772,593;1020,49,1030,1811,135;
158
601;1890,618,850,1483,1081;675,85,967,18,1040;1787,870,1585,890,1820;1058,1297,1601,752,372;
159
1060;1899,1283,856,457,1738;1568,555,940,148,985;318,530,315,804,1822;1154,1442,332,1149,766;
160
780;1561,1557,1095,427,11;1339,724,1795,1869,1191;153,267,843,262,1423;1190,1089,1665,1183,1560;
161
1567;883,1510,411,1120,1233;167,320,311,166,956;1521,1168,698,182,1519;639,1846,1203,743,1695;
162
188;923,900,1858,413,1142;1225,1557,53,558,677;818,926,158,1343,1722;362,411,75,341,1022;
163
86;1359,1865,1030,856,830;1003,447,1560,538,101;1136,1662,1760,520,196;265,1049,54,469,510;
164
1073;876,1528,1202,1322,752;914,1650,1122,449,1682;515,1442,1887,1667,1373;72,1037,1258,1599,1104;
165
1338;1417,514,595,1575,993;1225,1856,1060,665,1732;1507,1538,1207,1460,250;304,511,1175,1002,422;
166
1485;371,962,74,102,1523;1706,1569,204,339,753;17,1511,91,400,315;1383,356,1711,335,84;
167
79;1179,89,413,808,419;131,1788,562,323,1693;1029,199,507,1250,722;399,736,316,824,750;
168
94;981,1829,240,880,556;932,705,337,30,1897;682,170,1125,834,812;547,22,75,1316,1716;
169
28;1018,1340,1418,1704,1121;1789,227,615,1107,558;252,964,555,924,1256;1469,1656,635,249,1144;
170
1106;1406,1162,275,658,507;1323,526,1181,56,736;704,620,996,694,640;1045,845,615,422,1071;
171
946;1817,1594,560,1232,1650;812,1286,1337,1035,316;52,529,1671,736,1121;1015,230,1630,898,1147;
172
676;580,1894,1679,1500,1272;1101,762,1231,1744,1610;1041,95,332,1574,1043;1284,1123,1858,474,1578;
173
125;1060,1399,1758,1669,1753;795,725,1492,5,580;1631,1561,1459,399,374;1573,1473,1268,108,1302;
174
19;1677,187,394,704,610;1481,330,1164,52,870;1021,380,863,26,1654;716,461,698,767,1737;
175
676;741,1388,265,903,1812;519,1072,374,825,1866;1003,193,1493,414,1450;850,55,1748,1127,1441;
176
435;418,1658,1712,896,602;554,1619,1009,631,1289;1443,241,1868,1683,268;401,741,784,695,1022;
177
628;161,1625,1782,801,978;526,805,1420,1695,405;1282,363,147,1544,1094;1845,434,1217,1576,1590;
178
15;580,781,1637,581,275;1074,1899,1570,1660,412;1062,1183,1024,28,300;733,139,1114,687,1609;
179
1820;1518,1893,643,1452,170;1850,1554,1079,183,205;1039,1240,1222,1450,1552;920,554,409,1349,1164;
180
395;1351,179,122,1179,1107;1171,1378,970,226,319;995,609,1527,1893,1865;180,1018,23,200,1324;
181
1709;1416,706,1493,197,626;824,1277,732,1707,1223;1609,255,1255,1663,230;1026,1374,621,1040,1519;
182
929;824,1289,1075,1389,1760;766,1662,451,342,1406;1561,308,1472,309,627;569,959,389,734,888;
183
1628;742,1241,877,1101,713;1580,348,473,1616,1148;1256,160,26,890,1299;1564,490,1526,902,350;
184
200;1204,1343,1874,1502,560;1030,874,250,1899,461;537,888,125,354,1424;1764,325,1662,815,1340;
185
1631;215,77,1798,707,1198;102,770,514,401,1668;1131,1393,83,867,591;617,1439,1202,1406,799;
186
1844;401,1897,767,259,1743;1555,1493,415,179,964;48,550,1666,74,642;395,782,959,972,1399;
187
515;1157,1886,483,268,866;1170,1634,1432,269,168;1182,415,244,232,995;200,1649,501,125,1028;
188
205;702,1531,948,28,1443;1537,1606,1591,696,1328;1654,1812,491,1716,209;1396,49,1669,675,1404;
189
1804;1695,847,777,520,356;1871,554,1582,1794,731;497,1514,728,562,1053;1047,70,224,1310,1461;
190
174;1534,78,1573,1346,1173;1285,1877,1323,1630,593;1769,1363,619,893,1152;723,470,1541,1096,1;
191
1590;518,1862,1096,1228,750;552,1359,137,97,1222;401,454,1182,884,10;1791,262,1894,999,603;
192
1190;1030,1602,724,1270,614;945,557,1032,1581,1216;8,562,126,954,240;1538,619,34,110,204;
193
939;471,322,1428,1610,429;785,1400,1798,1361,1713;132,707,1857,323,1675;927,1854,1531,249,977;
194
629;1177,635,481,1282,187;80,995,1742,686,453;214,894,274,511,1052;1026,484,1420,692,1702;
195
915;1503,679,21,659,538;1635,445,30,568,603;87,1380,1034,1177,1426;1217,216,316,1385,137;
196
669;728,777,1554,1576,174;1777,649,977,1614,1406;69,1508,1774,156,133;1024,885,1690,500,2;
197
224;71,304,325,511,1405;1456,1669,359,814,853;938,1576,1366,174,1434;1409,1740,1320,363,1442;
198
1013;102,1085,1821,1817,962;531,1167,116,864,43;1191,1439,1376,1384,1543;3,984,1185,263,1647;
199
1022;955,449,1713,1488,1851;109,749,182,411,932;361,1753,757,1556,952;1551,965,694,734,1774;
200
1728;1114,1315,231,80,1712;971,1562,512,455,1744;1177,1206,653,864,731;1443,1536,453,1086,1724;
201
1367;761,19,996,1341,1183;706,879,443,969,1549;542,1034,1245,1290,1112;718,1577,188,1729,528;
202
121;1314,1659,1229,1050,38;871,92,1497,959,1582;485,1242,552,473,75;200,1121,1762,152,1575;
203
1727;1288,112,528,1535,22;1371,1485,1573,1008,1281;1279,1168,1121,617,1748;103,1715,459,1684,1630;
204
473;1040,183,1256,829,999;54,943,478,873,1332;1269,249,961,1072,331;642,764,727,767,11;
205
1186;175,154,1897,858,210;490,564,983,308,702;151,937,530,632,688;1888,1644,741,512,240;
206
1683;295,1212,39,207,693;9,1869,1013,1736,1752;1846,1701,359,778,654;1887,844,1680,915,609;
207
1346;1307,1725,1451,1827,452;1,1820,492,1205,1038;470,1543,1466,1567,1272;1410,197,661,303,612;
208
1727;305,13,329,1808,1188;1256,343,1310,471,303;858,1506,1570,1560,1876;447,910,1723,75,264;
209
236;1576,581,816,314,1136;1848,1709,1711,1526,1656;1698,1078,959,724,1800;1260,132,1795,1477,334;
210
68;398,1079,1676,1868,1069;1304,84,1617,1645,568;1171,1270,848,1513,929;141,1269,1692,757,828;
211
534;1568,176,810,422,303;1450,62,786,595,1662;796,191,806,29,1608;725,740,988,910,261;
212
840;1471,1433,1265,1272,1293;1750,1239,813,1793,1809;464,1331,1788,1825,1520;224,930,1439,1789,746;
213
386;559,407,560,881,64;1631,1297,1392,1081,106;701,1689,1496,1353,393;1139,1261,28,57,1760;
214
738;1742,1835,75,1864,917;559,459,1338,224,1802;712,936,1405,1581,1836;1636,388,133,409,240;
215
1539;1257,298,1033,1843,844;958,1748,1344,1855,742;285,1199,1496,342,1449;798,1089,1035,1540,1789;
216
376;62,1517,1664,46,759;1261,1541,664,31,61;1317,506,1359,1498,844;1690,813,1353,627,1102;
217
1618;13,102,559,1190,1341;1026,1272,1856,527,1416;1406,706,1401,1793,1750;1092,1117,1542,105,1705;
218
357;60,1041,214,315,11;428,1036,1083,1896,1025;1659,687,1814,594,1406;6,843,810,551,590;
219
1450;958,1464,676,1528,1180;668,686,340,1263,946;1188,1585,1237,763,1370;1059,194,333,1396,1486;
220
1115;1524,946,1367,203,1402;189,109,1719,652,1771;238,895,1701,1545,706;1270,1265,566,39,576;
221
1364;1374,1368,429,1419,1179;1790,1253,358,232,1815;1218,890,1757,444,318;540,1393,940,1501,314;
222
82;1816,584,59,713,478;1627,1202,1570,192,1845;1583,816,1187,928,1446;208,1506,986,295,1310;
223
1485;1844,116,1086,1780,1058;1046,1681,1501,1209,1710;128,1162,21,463,1280;1244,243,1227,723,8;
224
786;1270,1564,203,1182,1293;439,1800,649,1751,1684;818,853,785,1616,999;1254,1669,1457,948,484;
225
1738;570,1405,653,946,935;328,1334,1675,1572,347;1511,1249,19,1807,1222;1337,1776,147,117,614;
226
1656;14,83,1707,1157,898;1213,1090,599,1784,168;343,200,872,258,1256;1550,125,152,820,162;
227
1182;1193,1885,1215,1042,800;507,836,509,865,1403;1318,714,784,318,1518;674,1288,1552,1228,983;
228
1176;1457,1840,1815,1134,1019;656,712,780,1300,252;1426,69,1225,1552,283;1635,695,1070,1413,619;
229
41;129,1514,1276,712,1632;451,787,1658,1798,937;323,1735,1472,1675,1328;656,1508,1399,490,1717;
230
1257;1869,1628,90,1807,1769;1227,990,494,1876,1393;1564,967,424,1023,1303;70,1017,1455,1378,1787;
231
363;868,454,148,1373,418;1510,300,427,1455,197;1754,1672,416,1152,239;1101,1514,1337,1296,370;
232
646;220,27,383,1783,371;146,1437,278,1381,738;1217,384,1260,1886,673;1365,395,456,708,1069;
233
271;84,1509,824,1573,85;1662,1092,708,720,1752;1114,1691,468,1744,823;691,561,1247,723,817;
234
99;515,936,1692,1044,264;612,384,1811,1355,41;1312,270,1303,1571,61;729,217,345,255,1842;
235
1787;642,1359,1591,1673,40;744,803,1877,605,1387;1561,455,914,966,1184;1373,258,32,1785,1037;
236
161;89,1539,658,518,727;1651,634,143,1486,1019;1269,584,977,780,713;1426,1872,1801,186,1756;
237
1389;468,503,1526,1522,261;1470,1663,1339,1294,1067;1710,256,888,181,911;1167,266,235,14,1137;
238
1578;905,458,1899,472,938;106,705,1547,1498,1587;267,1036,865,1415,103;789,555,554,1380,1325;
239
549;1749,174,1480,269,1237;227,1484,1670,699,600;769,1015,862,1596,493;1010,1289,1849,579,1017;
240
114;307,827,94,605,439;697,1328,1745,223,937;1629,310,815,136,1134;455,681,858,1466,1612;
241
727;64,1177,1887,1208,957;1710,1268,1754,1024,350;1691,1060,1304,1846,1588;1183,1692,1520,936,783;
242
475;995,480,1876,362,1806;1341,1027,37,1144,554;980,143,350,1530,725;1185,855,1474,493,86;
243
1481;214,1302,1717,301,1680;331,747,683,1250,1779;102,362,1199,415,1884;267,1610,78,1887,676;
244
1771;905,1046,1421,724,445;632,453,1642,1455,354;582,395,547,519,1846;1060,928,944,375,1093;
245
1619;310,1724,1755,927,1749;1259,1810,1156,3,197;1254,723,790,997,1084;1136,232,182,1899,231;
246
742;565,1209,1099,344,797;1555,1363,1440,1026,611;1814,1889,1844,1609,1351;920,91,255,211,1301;
247
544;1540,1610,225,1038,956;1808,1649,1432,1498,1507;1280,1579,1035,1476,1220;1573,1184,254,504,256;
248
1199;639,1734,692,1057,1020;1440,883,1803,854,1767;1493,1114,1213,1828,162;1762,1846,379,1892,1525;
249
873;1044,872,1312,1542,376;187,1600,743,1481,1887;228,1259,1419,1581,1679;916,969,1793,713,406;
250
1119;1063,1022,130,666,881;1789,91,1291,1899,1678;1527,214,1861,564,1697;1426,1893,280,817,777;
251
1606;1880,64,981,930,1205;1706,1777,470,50,407;1849,310,86,1427,1095;412,1603,1413,960,726;
252
487;122,1340,1743,1260,789;367,528,1386,1635,712;1711,81,1809,1199,1213;36,703,359,1880,625;
253
1665;1377,1088,851,296,1877;497,1214,370,536,904;1743,1750,82,1308,1458;1222,1704,476,1867,1351;
254
821;237,1196,1760,421,1518;191,101,543,1821,208;351,1809,1413,253,651;1792,221,1038,1274,1106;
255
1213;1052,1479,994,1452,1118;18,1867,900,1598,551;1122,1043,1135,689,1574;641,1005,1455,439,107;
256
821;44,502,143,661,1254;1419,718,493,1741,1382;368,155,732,218,1528;850,1363,445,1615,100;
257
1848;558,1240,458,314,1165;1576,28,708,1164,1471;672,27,1693,251,1351;1621,1811,1884,1646,805;
258
1158;386,1616,635,1375,1445;1033,1276,1562,872,1245;1633,1724,1122,1576,678;190,1186,3,655,517;
259
1573;1884,959,1828,1899,716;596,1578,1730,1268,120;482,841,1584,620,1272;178,18,1035,953,1132;
260
692;940,1724,1258,1299,384;1482,394,1411,848,951;1078,282,1121,694,1828;1421,1849,346,1422,1227;
261
318;1327,509,350,673,670;1830,1844,792,1384,601;268,261,1278,854,1780;1770,1127,1318,1014,116;
262
466;1148,1125,521,293,745;246,245,1552,53,1486;1071,108,786,231,1517;901,729,526,1456,1501;
263
258;1415,1833,1459,1874,74;17,681,528,1686,1506;1830,1149,602,1079,286;341,1680,300,688,873;
264
1873;1107,987,1556,220,798;1089,1565,1391,222,1591;329,694,901,1442,1427;669,1885,1274,33,775;
265
1069;432,699,412,204,1595;1520,1236,772,666,1172;1045,247,34,639,825;429,288,1256,582,1067;
266
662;217,159,1132,1563,1084;1302,1814,356,569,1369;1620,1648,372,667,865;1393,1232,91,1317,1150;
267
1793;816,1505,529,1319,1794;670,98,554,1202,1477;1568,1751,278,826,1856;999,1476,8,93,1761;
268
238;1795,692,1041,1627,600;215,1339,366,580,302;58,113,1517,103,11;435,1419,1773,970,1366;
269
297;1782,843,1231,757,357;599,1717,1764,1383,1158;816,1152,827,408,1827;1795,1106,210,1808,1537;
270
391;1161,1770,924,121,1760;1201,343,307,1816,1280;1819,1828,191,367,931;560,499,1688,1656,1234;
271
311;688,535,286,630,1570;1491,828,781,1727,1130;1659,1124,301,780,396;1783,584,1743,1724,394;
272
938;204,897,8,1147,831;258,1786,1303,670,903;475,726,1030,55,156;1463,978,1361,780,1107;
273
931;1508,41,920,1834,1442;1484,183,404,859,1627;661,784,159,1723,1841;328,1431,215,1217,312;
274
981;236,318,75,1430,1769;24,1691,1701,620,537;51,1140,1173,1673,1264;68,914,440,1335,21;
275
1187;951,161,1161,371,1255;670,77,1889,1435,1484;780,713,1683,298,354;1721,1239,303,1001,1004;
276
81;817,393,1313,193,650;1002,1458,611,502,1753;1303,1891,1765,1577,869;1014,1832,719,1057,930;
277
1355;404,55,1074,1546,1405;345,1431,576,1048,1150;1514,321,1069,1447,1250;1753,496,1855,1304,1440;
278
971;134,562,895,1085,1777;146,1039,955,751,1774;1807,610,1294,863,87;1607,1028,837,286,1770;
279
132;741,564,1234,364,1763;442,665,730,283,1049;621,562,1546,1,70;934,294,137,1508,620;
280
1318;1507,1819,1101,985,844;1825,1662,1784,1144,1815;994,338,1094,77,1709;299,678,270,1447,669;
281
479;361,1764,26,1726,1176;210,939,1354,860,1771;1685,666,1223,1665,511;1315,836,1248,1157,282;
282
118;726,148,1573,386,1262;781,240,1884,791,1240;1893,215,1051,1058,257;1840,565,1636,1137,307;
283
1365;1391,1899,1547,1056,1129;1805,1050,330,860,818;914,312,162,1503,343;300,622,233,986,913;
284
1341;1410,1298,861,692,24;249,640,727,1171,705;473,497,1054,1828,1263;1450,1625,734,23,434;
285
1387;821,766,1497,1391,1036;1203,96,124,1805,802;987,1687,191,863,451;27,1338,1744,1573,1117;
286
814;1520,797,228,962,17;654,961,1552,1115,1190;1048,900,719,1015,652;1419,1752,1165,203,1318;
287
1563;1734,1650,1732,1195,1822;1759,1486,47,1326,943;130,1190,121,1459,767;704,340,122,1894,447;
288
58;24,925,1110,88,1374;1784,1853,944,215,126;176,1231,1057,109,445;661,1504,508,1561,71;
289
1175;1624,64,1877,1402,491;1235,898,1719,696,196;619,1629,1548,1271,1278;990,1821,154,1211,885;
290
450;1847,965,26,555,1609;1859,789,353,498,1827;1246,1680,729,1763,1475;139,645,1673,856,397;
291
517;984,642,813,1710,858;921,1230,1521,604,1694;1568,846,475,1319,1159;1150,1819,585,1311,100;
292
1653;589,1261,308,1836,1143;977,540,8,519,1242;1343,1215,30,1507,802;1096,769,277,1079,455;
293
1352;776,470,202,784,1409;216,1274,597,1542,1848;297,1027,372,1379,1429;167,52,1061,521,1598;
294
1667;1509,919,566,77,1057;1524,1693,840,1894,1345;655,232,1446,363,833;800,1009,128,160,1320;
295
1491;993,1541,930,1036,1252;779,650,1258,29,1207;1717,1885,946,1391,1382;195,351,1111,1514,1136;
296
535;1824,1290,249,1143,123;788,1289,1885,1259,773;1227,1489,1231,1020,483;1813,1434,1889,1189,1438;
297
1278;271,1215,1500,175,1243;149,1291,500,451,1667;1818,1425,1772,585,136;61,1899,733,1307,1820;
298
413;573,1139,1618,649,72;16,863,14,381,702;1410,1744,1434,247,1532;694,75,616,84,341;
299
960;1545,891,1237,735,1443;1337,1151,925,1589,1152;1081,947,1741,1602,807;483,1218,1398,1771,388;
300
820;1444,1795,1273,518,1164;1059,295,1551,24,1521;88,819,1772,1349,1717;1291,150,1897,1240,1098;
301
1231;1342,588,1012,889,877;348,1899,894,1393,1034;220,1313,1454,1314,133;758,1890,1817,1798,1344;
302
1176;769,557,1224,1635,328;362,1325,1084,1636,1085;940,1582,723,774,1195;617,1388,430,787,541;
303
695;1402,1047,199,1633,114;1450,793,55,153,408;1853,817,151,430,622;460,1120,1446,1077,568;
304
34;1262,11,929,770,717;902,1225,776,1035,1444;1263,1535,103,895,130;539,1696,1493,922,165;
305
515;120,147,959,364,387;282,1177,1407,1039,331;1682,1227,192,1211,5;631,114,940,1068,1557;
306
96;33,1797,894,85,176;1138,1381,1076,604,759;1527,295,521,127,1460;860,150,467,65,1721;
307
459;1061,207,733,839,1138;1229,517,314,844,1005;209,471,1733,897,1711;570,121,919,923,354;
308
951;1836,515,611,550,1401;1588,1633,568,252,1852;1871,947,1634,1481,94;901,1122,1670,1085,51;
309
1224;364,214,431,313,1672;1330,1341,1724,1584,500;1601,1787,1536,1065,1695;1425,32,377,174,351;
310
1388;1797,920,436,133,1555;1637,853,1553,34,1187;1499,987,962,160,47;946,1790,60,654,409;
311
1617;749,1747,1119,669,1879;227,840,1055,1571,1354;1339,1095,365,1614,1213;85,927,1306,1238,976;
312
622;1302,517,1188,205,945;934,1054,49,1503,362;1093,480,127,1100,694;187,404,1514,252,1210;
313
1220;1645,1714,1590,1528,1303;1021,608,488,873,189;680,93,400,745,519;917,248,41,530,394;
314
388;342,1330,824,365,941;718,1447,1222,1674,1444;1370,1281,1194,1561,1294;1521,1305,1741,103,1702;
315
825;242,644,1848,15,678;1189,906,633,1437,641;765,649,820,887,310;630,849,1739,1540,1392;
316
567;893,409,1061,1737,1174;1292,25,1614,1679,767;584,1260,1662,353,625;238,1640,1010,972,293;
317
1046;998,546,265,881,1059;740,1071,1588,1837,316;739,1746,1306,1130,358;890,1369,105,1876,1206;
318
500;548,1292,87,1773,1315;322,690,1380,213,1012;355,486,1705,849,359;775,1163,889,720,249;
319
1433;1701,305,499,664,408;1554,973,1303,835,207;1372,461,1082,992,1033;13,394,1469,1185,1710;
320
1148;856,1162,1076,1045,325;791,1543,1251,872,399;617,1261,1720,849,1676;131,855,397,1369,1002;
321
210;1277,898,515,1005,1318;1772,162,702,420,1083;75,837,1801,592,823;1067,369,1584,1740,1854;
322
1748;1014,1796,1496,454,474;1239,1601,473,1704,176;1542,222,497,1436,751;1044,951,1139,848,1732;
323
1217;1823,313,680,1714,1692;304,558,393,1485,1328;191,876,1330,1897,1589;1180,368,318,977,84;
324
1404;781,454,906,1110,1405;1453,1656,1199,500,299;883,369,738,120,357;785,499,9,1665,335;
325
383;1540,1737,1645,1614,202;381,311,465,1099,1025;1332,16,991,1034,563;264,975,503,1408,972;
326
1137;742,874,1081,1151,482;1298,1609,43,653,1765;1454,1884,330,555,216;1096,1538,1390,1170,587;
327
1602;1184,16,372,438,1167;718,1658,1805,761,1506;420,1065,132,1387,1256;1803,345,182,1438,19;
328
1275;946,1383,638,241,478;1220,1221,447,284,1326;239,1067,193,1669,282;1469,1011,1150,392,452;
329
651;1487,693,550,1781,1422;1518,588,682,580,60;1152,851,635,799,1319;1482,516,1208,1165,1849;
330
230;299,1525,648,1346,831;1297,1015,1296,1133,57;571,1518,1564,1513,1735;862,763,1899,510,957;
331
119;854,632,1440,1779,989;1694,1477,966,519,210;1249,1263,1500,1354,563;1615,1652,302,797,278;
332
166;1309,1684,1042,1475,1346;868,365,199,1502,220;508,1131,1697,1720,1523;1585,821,943,134,1450;
333
1152;281,1316,902,183,957;1814,1859,509,235,1895;1233,785,339,1732,882;278,907,956,608,1274;
334
863;1264,651,1320,1210,80;640,432,1626,1876,91;1232,1549,472,423,1772;1631,1227,949,773,1417;
335
1361;952,14,1774,1341,1050;87,1363,1812,550,724;1240,536,1504,1703,1405;329,127,61,1408,350;
336
72;1290,323,665,289,509;313,418,1543,212,1523;122,222,191,557,1173;829,1724,36,1108,1449;
337
176;1668,1123,1153,967,763;1431,1205,34,527,757;2,943,1821,1773,1324;1387,1695,1824,583,1708;
338
1552;348,1620,395,273,1532;1705,1185,1571,1610,1175;172,574,1490,1736,1781;482,360,1230,1569,256;
339
1404;713,972,1532,682,1763;473,1528,437,1576,1695;582,1208,409,868,453;237,428,527,783,1033;
340
1279;16,1795,508,645,250;489,1688,601,1188,110;1031,1541,1297,1740,895;1171,958,194,547,1473;
341
692;1747,169,20,1880,1630;1316,1728,286,1837,635;863,166,570,263,322;1259,1518,1227,1404,1472;
342
1834;765,1309,27,1551,43;1873,948,351,455,747;1214,360,1370,453,753;917,1495,1412,1477,559;
343
1196;1755,1576,505,1497,717;1543,923,1510,871,180;1719,1116,1398,1693,1840;1694,219,412,1573,1456;
344
1148;388,1193,1269,1375,1708;903,214,1494,1125,473;769,859,1490,1303,877;1454,834,1056,1388,114;
345
1477;415,1223,1743,1525,582;1433,722,1421,81,1859;1791,352,949,1087,163;1137,369,295,530,1577;
346
1604;1699,764,240,92,1260;783,1203,1625,448,74;25,1820,1798,1529,1564;694,1566,1252,394,1586;
347
1657;1268,1423,991,523,1221;83,1127,706,1505,1545;460,341,1334,376,648;1199,1885,133,1345,353;
348
1873;1378,15,711,114,996;159,892,1428,670,919;1497,78,1680,1556,778;314,904,1467,547,281;
349
222;369,1647,1366,355,1380;1032,1598,519,525,587;1140,1265,89,488,321;194,1522,1003,1331,1459;
350
217;1823,1335,582,1262,1744;1497,1721,755,1287,621;554,1218,243,796,484;375,1378,1282,1191,1470;
351
1303;931,1786,239,1260,920;1484,685,1385,1870,1579;1615,763,392,1649,1017;813,915,1221,768,1172;
352
1161;1880,998,322,17,1665;1189,240,678,137,749;1766,578,766,411,1322;1375,366,1421,1417,660;
353
1688;1529,706,947,1704,1400;246,767,1663,1324,1777;756,202,962,221,1386;617,1844,1215,904,319;
354
958;359,963,79,1069,907;158,1784,208,1530,1249;713,289,20,1239,1547;476,352,776,1716,1510;
355
275;802,130,658,406,378;1316,1309,930,492,1252;87,72,577,1357,580;284,1849,1317,1769,170;
356
1820;549,1288,1748,845,1212;432,1533,348,796,342;529,470,184,1594,1510;421,1684,804,1525,1831;
357
963;1873,78,288,871,1549;533,805,757,973,1265;1218,1434,855,1026,562;1299,1306,1686,1502,1732;
358
714;1263,643,951,173,693;542,143,136,1069,1458;1429,1683,1614,1509,813;1543,886,1284,78,1293;
359
737;837,1272,58,1553,1011;1299,851,460,1821,960;311,1484,1723,73,1018;340,1606,672,1096,1599;
360
921;201,134,1637,1847,1205;768,2,66,917,237;1749,464,1526,709,482;11,223,1352,255,721;
361
1146;922,1090,203,1729,195;473,448,114,692,490;544,436,1233,237,1278;1546,611,524,1301,1771;
362
1377;525,501,1856,1243,1444;55,1084,1141,741,1440;611,1678,1665,1651,1793;136,169,252,740,628;
363
1321;805,334,8,750,1141;271,349,1378,694,1747;586,361,1852,98,1357;612,1520,376,232,912;
364
248;1019,1282,164,1169,1013;287,1173,801,368,1689;324,1665,591,1825,969;1354,656,449,1807,604;
365
1434;1446,717,327,833,1575;1553,1369,1453,291,283;189,194,1135,696,1292;968,1544,960,1826,1330;
366
814;273,912,1391,1707,340;572,639,697,6,96;121,1383,98,296,86;355,764,1481,724,209;
367
1173;1170,382,918,754,481;1828,1045,730,1595,679;1223,1432,905,842,1675;1046,554,152,277,1148;
368
1371;851,974,1879,927,1425;892,231,540,195,1097;389,1554,1058,1812,496;1880,1143,460,257,1090;
369
1814;1426,1658,868,345,1071;636,683,255,955,889;1435,1443,574,1867,1175;175,1015,1748,870,1468;
370
1284;1673,1742,490,1322,617;1478,492,156,360,983;1503,1236,1836,229,1220;86,320,370,444,430;
371
895;1687,161,179,1755,539;678,35,30,538,1088;719,154,486,1423,128;1784,113,46,776,1640;
372
1114;1297,174,561,902,298;1520,343,1798,1782,863;1136,1849,1425,1304,1210;191,690,1286,184,1420;
373
712;134,1833,703,880,1847;1893,645,1811,1243,319;1452,1677,1462,1005,1581;592,1702,1020,1417,1712;
374
1443;223,1299,997,235,242;458,636,691,1088,981;1728,1350,1805,823,1287;232,1503,1178,796,916;
375
1744;695,1407,1003,1684,1195;1748,1295,191,489,1365;187,281,1562,1157,1408;182,1038,1527,1772,1079;
376
758;821,1213,213,995,599;576,1341,1838,1567,1211;432,6,869,354,194;1143,285,1327,74,817;
377
1517;1820,584,675,665,1229;758,294,590,40,59;115,1898,1502,366,1045;862,1809,1197,1702,712;
378
449;491,636,1345,1780,1827;1830,974,1253,503,1328;98,609,654,237,1461;510,543,1516,1067,741;
379
1471;838,1641,1843,1860,1430;1646,1036,735,793,493;864,171,1344,1266,773;1394,978,1609,1683,143;
380
1599;748,970,413,691,494;149,608,1505,1357,1757;1440,1066,186,1748,913;1417,1809,547,200,717;
381
876;632,32,1543,169,503;1028,1702,442,1050,1032;829,96,1523,275,670;782,1391,1629,824,1380;
382
141;1838,518,1183,703,897;19,342,1480,529,1726;1180,1635,1471,1256,616;1536,1446,168,1555,1396;
383
215;859,396,344,935,32;1519,633,1624,835,1047;1899,450,311,273,1038;1158,253,404,1227,1324;
384
1490;177,824,653,1736,1089;1257,1493,1158,202,1377;648,751,1855,984,1566;409,738,1430,1104,504;
385
818;1350,1702,1620,164,1049;210,608,861,1352,1406;52,1001,1361,853,619;78,433,1063,1033,1852;
386
911;1147,1797,531,1272,1292;1117,1432,716,761,1863;1347,818,1438,1422,1883;813,1046,801,1194,914;
387
93;661,152,366,85,1462;108,1162,1129,1666,1212;1572,569,480,421,1740;1791,1368,1448,1474,414;
388
1812;988,399,514,1251,798;1493,1346,1046,577,71;884,1859,1301,1738,70;475,708,1211,1447,242;
389
534;1686,579,1735,1864,501;188,1094,1874,1508,1343;951,367,1408,615,1007;286,271,1452,1267,1462;
390
285;697,766,1163,1619,160;601,881,1303,1052,303;521,1857,842,354,137;660,473,1326,443,490;
391
1436;1164,479,1092,1111,229;296,1567,1422,25,1698;217,789,967,1845,890;1068,304,1862,748,584;
392
1681;1231,1277,727,19,649;1047,1698,1308,988,1189;1402,1181,600,444,239;706,628,1651,1182,1156;
393
365;1895,747,1676,1040,1059;534,1329,288,380,55;1282,680,1779,553,1867;1145,1730,1144,1010,574;
394
355;552,307,1125,775,910;1433,1034,1012,1223,22;278,1489,1160,1646,1582;1883,1040,1547,1446,1237;
395
1461;5,1262,1011,570,1643;122,1098,1824,135,50;1840,1278,247,1182,354;1695,1882,1704,900,131;
396
658;593,1010,798,1002,1223;1609,172,368,755,280;788,1039,1639,1245,1565;1167,302,1176,150,1222;
397
784;66,1570,889,1134,28;1296,771,886,105,799;1629,872,1189,736,846;830,819,1300,1346,102;
398
1182;1104,575,1524,700,1830;1346,912,1476,1083,1196;175,878,476,566,1243;407,572,1836,268,795;
399
1696;1659,82,38,269,623;109,238,515,170,1892;1465,1613,619,751,572;1540,1079,1864,1890,304;
400
1366;1284,769,115,1435,669;1223,1614,1514,1477,636;256,903,724,1634,1066;1453,94,148,1760,345;
401
1704;858,145,1233,1892,1651;808,1418,620,722,1645;916,1017,397,1413,294;534,1021,490,254,561;
402
1300;566,1717,1536,1090,1251;1040,420,264,1486,1533;1164,1445,1117,109,1406;889,1876,559,1033,372;
403
1687;1738,1029,241,1386,206;156,1681,487,966,292;347,1637,1362,645,834;264,496,561,850,1354;
404
260;415,1576,68,1246,657;1271,1879,49,652,58;1268,1024,575,352,764;915,187,914,747,1831;
405
1482;387,255,1514,51,669;275,1886,22,1454,296;312,1284,1444,299,24;1747,1014,1858,569,1786;
406
1047;727,576,483,619,1325;474,1061,1238,1881,589;1222,1368,802,1078,231;1136,816,887,711,408;
407
1385;468,415,1182,1362,599;1325,1222,890,1734,1142;702,1146,308,332,259;708,721,477,946,199;
408
509;1693,1644,1156,681,966;1046,470,887,1379,52;1631,1898,498,1610,230;647,1476,193,547,1523;
409
1118;676,1583,1171,437,203;1888,1481,265,948,1263;644,1007,811,1295,1074;135,972,1109,1258,828;
410
196;795,762,1221,478,1017;1159,731,996,1255,669;400,1140,449,1761,225;1684,836,902,510,158;
411
142;504,1241,1336,1081,735;1519,1388,1649,67,1040;1515,434,1080,1658,700;183,802,1544,1606,1703;
412
1706;1028,1890,1854,709,315;860,985,1829,1887,842;1679,328,1652,1769,1573;448,1822,186,1899,1377;
413
1877;618,589,272,1124,1094;1231,802,406,497,227;1421,364,969,1147,544;308,812,1505,283,654;
414
1110;1825,1693,574,1294,1051;924,724,856,1714,1338;282,1065,1377,722,1888;1211,1408,815,271,1053;
415
1753;1154,1842,1453,70,1030;1809,85,87,962,1358;286,1395,1653,1671,1425;838,1631,1803,652,697;
416
1606;1453,782,605,1083,1360;1739,796,1028,1200,1398;1791,524,657,99,1878;513,1546,1441,1290,1692;
417
654;1839,578,727,1163,532;48,1237,813,1853,1624;324,1263,783,757,838;320,454,1145,504,1221;
418
629;820,296,57,1371,1298;414,1491,968,994,91;1154,961,664,358,1417;347,28,468,1460,1866;
419
503;1798,176,671,1665,845;774,91,1012,1068,623;1748,1074,219,1331,1711;28,1853,844,971,292;
420
134;1535,326,826,1854,319;1568,1244,1341,1602,30;996,367,277,539,394;1348,825,1844,296,548;
421
1637;159,1628,1816,1626,520;999,1384,229,147,1456;1764,1867,889,1370,122;512,696,1081,648,1837;
422
1281;1618,824,759,165,251;1814,959,867,1626,331;1157,1697,549,813,514;1746,1218,1543,578,1199;
423
165;1730,1381,1205,1823,1290;732,132,1778,150,276;1622,365,678,1422,704;352,888,1062,1207,1556;
424
423;252,1108,1823,1695,901;1821,330,1842,839,583;1566,462,125,455,97;519,1180,1208,373,1830;
425
1486;713,493,404,191,633;1815,580,1171,456,1800;1028,472,127,307,1885;1109,855,1055,1485,1016;
426
1073;758,1463,469,641,523;882,512,1109,602,1175;1698,655,1404,1780,1781;1511,1480,870,1250,1398;
427
1133;413,395,123,292,179;1784,1548,42,1618,1076;315,210,638,340,694;437,1105,158,1303,1022;
428
1366;908,909,894,749,787;1610,800,1072,36,1573;28,605,545,1412,8;871,780,720,838,228;
429
1541;1873,160,851,112,1468;1323,1601,1089,610,1235;255,868,1558,1800,1802;1707,1493,958,1019,1579;
430
576;22,1652,581,866,1638;1716,135,1408,890,32;1626,372,1617,1182,817;200,115,569,771,625;
431
1200;1229,115,1288,525,1074;1259,1887,1191,1649,1469;880,868,456,1075,616;844,884,559,1305,1610;
432
1810;1094,634,1114,1487,1444;493,426,877,1618,1604;1825,462,1814,1830,987;415,1829,1818,1752,1899;
433
701;812,624,1792,1809,604;1126,954,1819,66,576;1317,108,54,1192,99;826,1233,1489,879,577;
434
1127;1573,1455,1028,729,827;1687,1449,1671,323,833;1036,1066,147,1193,1779;957,69,1524,742,1332;
435
899;53,167,1205,1678,260;380,1397,1830,1313,88;1764,1569,1460,1584,35;1131,1067,1101,1884,1112;
436
1324;730,381,1299,860,1844;1600,83,139,1206,152;415,223,1624,1567,522;453,907,1799,253,79;
437
1147;973,624,758,519,1373;470,771,1197,1088,1571;546,457,663,939,961;604,212,145,1270,57;
438
908;68,1051,814,1777,669;1465,834,1801,982,113;1350,939,582,1269,1542;0,229,1243,735,748;
439
385;578,1646,1269,831,958;886,913,1823,849,22;1242,832,1277,1692,1438;1584,1858,201,113,1426;
440
384;805,362,551,1650,1363;1845,60,1699,603,192;596,437,439,298,1089;1807,281,1484,79,1813;
441
1349;1424,1890,811,1496,542;94,565,1222,1566,315;586,718,520,963,1459;916,1097,1729,407,1781;
442
1434;750,1306,120,1875,1473;43,1188,1053,145,1314;1193,647,1660,929,516;1373,31,1390,483,1395;
443
1662;410,1482,64,1139,1103;1057,218,278,1504,818;141,258,390,211,434;475,315,1746,697,1565;
444
1093;870,178,480,1515,1614;324,1181,788,223,1521;1532,627,230,1852,1658;804,1242,261,1823,37;
445
66;1476,390,825,1428,1093;1446,615,795,902,1549;734,658,396,753,1759;600,1260,564,84,1442;
446
1773;940,1293,1108,1770,1767;1398,727,1594,1879,99;157,1548,1300,1874,643;388,1894,394,1605,688;
447
456;1470,1677,21,652,917;290,1756,1169,438,1002;1473,1361,1670,1207,94;687,1774,1815,975,1707;
448
1473;624,1746,1709,16,1857;808,545,1235,753,1391;97,604,1509,1132,143;1628,836,100,1113,806;
449
1592;1642,365,1782,91,336;1661,11,1549,1355,452;17,1469,1560,1011,95;1347,1173,1573,351,754;
450
1813;742,157,21,1232,1492;1868,383,714,1377,1375;382,1890,1237,836,503;76,189,1120,1166,137;
451
1636;996,438,1250,669,1509;595,1651,1786,1062,496;321,1314,1800,824,1795;1084,453,1351,246,1493;
452
1894;1283,465,1307,1155,24;996,1581,1245,1550,1710;242,1672,4,938,689;421,101,1273,378,1032;
453
629;1306,1254,779,51,1387;847,320,885,1050,869;1710,256,929,1129,798;946,873,1195,59,1657;
454
980;1457,286,1448,878,147;1237,392,838,1390,630;215,260,445,1692,33;1099,384,1833,1116,991;
455
648;1631,767,1031,449,1567;1338,1624,1689,1084,1184;1898,976,858,1164,1193;1875,111,771,1089,1140;
456
211;1638,1576,213,138,142;1768,349,1030,484,1759;818,1573,1326,602,149;509,503,22,547,1324;
457
1564;559,1774,1692,1324,1164;1458,601,173,331,1633;1500,523,837,1366,693;1656,468,1378,768,167;
458
1206;236,979,345,996,103;194,40,3,1499,1227;753,1150,1428,530,931;89,1116,1277,1523,1255;
459
123;427,1376,1648,1794,1259;36,931,1553,405,1806;1535,1520,510,1265,355;153,27,631,1709,365;
460
915;414,333,1838,470,543;1777,1800,468,1663,1612;1886,754,539,826,1390;1124,898,89,130,1296;
461
744;1371,1629,680,611,556;1481,532,1779,731,1831;966,1203,11,1417,1444;1794,28,90,880,1209;
462
189;1548,139,1812,1603,909;1702,880,577,1191,927;77,498,925,946,232;378,397,1251,886,15;
463
1268;1614,1492,1357,1312,1731;173,986,1418,1897,1391;428,1083,1297,683,582;1622,902,113,1240,1393;
464
1233;585,800,864,528,898;369,484,1785,1606,1420;1638,1687,1542,1887,1481;1004,979,1648,127,162;
465
331;1345,621,740,1700,1706;788,272,1612,894,1297;1703,1251,1041,1394,627;723,933,791,912,1526;
466
670;929,1867,566,1630,1329;817,88,1193,1649,91;649,853,1544,1441,1538;1326,340,1399,851,105;
467
417;851,638,1366,1036,394;1240,499,1828,121,891;1662,1631,747,484,525;396,1075,1746,1655,657;
468
1875;287,1501,768,976,132;1000,1528,1200,1769,541;907,1559,67,1401,712;494,16,795,1372,203;
469
1431;559,1302,348,1439,1228;667,916,1152,1508,1885;1447,1463,508,712,1767;1347,728,1392,393,666;
470
1256;815,1515,935,410,367;1240,1759,204,485,381;702,990,1790,1205,1869;257,802,1327,404,777;
471
394;1390,1118,1809,877,1746;1457,63,1719,262,449;302,1372,1763,892,1542;1031,1614,278,354,1439;
472
876;1356,1730,88,1857,675;224,303,57,658,1843;1628,516,1398,948,86;1496,729,1077,873,138;
473
1088;1309,663,537,1046,1295;224,84,947,1191,840;1215,1246,1667,1202,1417;372,376,1032,340,336;
474
963;834,241,288,746,602;445,1659,343,1357,1245;1225,0,860,868,1189;1466,558,365,1198,1750;
475
844;518,1536,1283,961,383;609,421,890,1899,115;854,229,1796,883,7;1071,671,1736,8,1793;
476
484;321,1898,1478,1675,219;678,451,1322,1023,1586;144,1059,986,1088,1028;161,1092,748,1802,344;
477
1553;1715,76,1209,1153,1493;705,1767,1332,1645,1433;434,484,1729,70,1248;1658,83,1039,1389,1571;
478
524;1020,295,1233,1676,919;1062,334,1076,806,446;209,750,580,39,1572;1107,81,729,640,377;
479
1200;889,1405,901,72,701;1086,160,897,878,1112;624,718,1251,972,34;77,394,1492,388,1126;
480
1741;886,149,111,1036,1501;840,1523,1299,113,836;1351,1355,286,1343,754;1404,675,1569,1446,1491;
481
1593;285,412,1320,855,586;105,908,53,753,1529;743,745,1002,404,372;1381,1279,1702,898,1345;
482
1675;600,921,479,544,1048;1621,1177,1743,612,1241;1708,1430,257,1165,1122;707,881,1049,556,258;
483
1231;1395,351,1839,1569,1354;1599,1568,1211,362,346;1792,1343,1582,385,1507;282,317,540,1855,117;
484
1390;855,1870,1066,1687,213;956,205,1615,305,648;508,1509,23,226,1351;1201,1264,1589,1257,817;
485
990;1833,1435,984,471,991;744,1577,1617,338,1089;1702,862,1581,723,43;1213,860,1043,1145,1844;
486
656;48,1255,303,1644,1861;355,83,254,1430,346;1870,98,11,237,374;1196,1440,735,528,702;
487
68;800,148,1590,1560,427;64,1778,542,587,1759;1627,1669,1826,1666,1330;391,803,311,536,204;
488
1336;239,739,1362,666,110;602,528,834,1028,921;1800,1746,617,262,358;88,220,524,600,209;
489
769;509,158,1152,610,537;952,350,1220,1517,1270;1498,71,1301,189,1480;1353,1565,1418,1490,882;
490
1693;1309,1429,1159,815,1030;1233,1886,1391,1251,1060;86,1278,917,1413,913;80,1572,158,1380,1217;
491
537;1840,1606,428,591,141;1271,1268,1006,1654,1068;1885,1556,105,47,223;1254,458,665,314,1218;
492
131;395,843,985,1153,1651;1886,1359,17,62,613;1534,755,569,510,466;1481,690,1098,146,1546;
493
859;1088,872,1833,934,940;1557,836,871,780,1185;383,1124,350,1732,550;1166,1036,832,814,1747;
494
1574;1447,174,637,808,1815;49,494,1033,322,146;590,407,1173,794,370;1786,420,923,887,1425;
495
1354;425,1325,1342,1624,1135;1534,680,733,1856,1815;664,797,1096,1721,803;1731,1518,354,997,1270;
496
723;301,1724,1898,831,634;67,1055,961,900,627;565,805,1308,1405,28;750,308,239,1472,1185;
497
255;1037,613,1699,1304,558;577,871,1132,1507,1882;394,545,463,1111,913;1338,1061,1059,607,1668;
498
1116;561,1806,165,1898,475;1039,212,48,598,292;408,1434,1492,1585,1795;1215,428,919,638,1070;
499
722;633,1622,1512,1484,1088;988,1822,1627,382,1196;672,315,54,1575,298;1718,1147,1717,758,1397;
500
837;1008,469,911,1189,666;834,888,408,16,1244;150,1535,426,1574,1678;828,1801,693,1153,1212;
501
530;934,139,399,828,1540;1889,1414,1870,1608,609;1436,417,1394,1503,1809;249,719,923,1362,1836;
502
1547;774,1523,1107,347,1210;1063,407,1453,1275,123;310,1828,1132,829,1100;1492,1708,1088,338,1745;
503
968;852,51,645,1515,863;269,1295,950,952,828;1870,876,1895,682,235;1471,1407,1814,328,1781;
504
1831;39,97,370,1633,697;641,493,1379,274,1553;499,1873,908,1107,1803;177,1643,1324,1773,1813;
505
918;1251,1009,174,36,121;1496,1400,199,243,143;1027,1367,215,393,262;1628,1091,308,1492,388;
506
709;438,639,1610,622,1457;485,1488,626,1527,811;435,1671,772,454,1097;373,1621,514,743,101;
507
1236;1584,1592,1069,1445,1892;1302,436,957,827,398;1270,1158,1694,367,619;42,924,1525,1452,1320;
508
1169;146,1037,1089,1654,83;694,1054,831,1395,1090;1895,1175,1159,912,1890;833,1164,1797,1463,310;
509
394;581,1730,1102,844,421;52,796,1507,336,975;1710,1188,792,1745,703;1415,1069,910,225,1221;
510
1434;1183,1598,98,112,28;1880,580,849,1558,158;1520,1103,1163,1708,256;535,95,1098,280,1031;
511
1212;409,733,1259,1768,1383;1244,1690,1311,1785,1412;427,1451,1384,1881,98;672,310,944,851,0;
512
1264;1388,921,1389,94,1261;770,1696,1567,636,353;364,1348,583,1016,1053;464,560,832,271,1527;
513
1395;500,1511,1280,310,1151;982,1234,698,302,1847;1700,1107,208,1808,172;233,56,1114,1223,377;
514
1244;1400,1634,1842,309,421;1181,1223,1621,1056,1393;743,863,1831,557,1640;904,1465,292,831,1802;
515
828;573,1552,368,54,1716;161,492,1570,1541,902;1016,1775,1060,1072,1194;1709,562,1352,350,270;
516
789;855,1221,1818,424,536;1845,294,435,98,566;56,332,1611,343,1828;1169,1671,8,1588,222;
517
26;1313,1880,1254,1481,642;1161,485,1107,644,149;438,1293,1589,332,616;940,934,172,85,719;
518
1848;1793,1877,1457,1507,1769;1477,217,1093,722,1765;573,1620,690,1751,117;633,1124,1624,648,205;
519
152;688,881,1131,467,1560;899,1567,1009,396,1707;1190,1067,962,995,1151;280,1149,1043,1206,1433;
520
1621;1853,207,974,1040,1795;288,72,1765,1030,1084;1741,1658,1193,761,1877;1549,102,833,1518,167;
521
809;104,955,414,1399,1495;1795,386,362,1761,1265;747,973,374,1111,1318;1057,532,501,72,1480;
522
1676;16,924,1570,308,340;903,407,270,713,1033;540,1707,804,1483,151;1615,1582,1553,1698,1594;
523
545;1161,444,752,1314,955;743,1192,465,1489,1150;1678,786,1879,818,480;1373,747,1346,1253,262;
524
1572;473,1488,990,847,756;431,839,149,227,1736;422,732,319,469,122;87,288,1724,1136,1640;
525
510;72,1051,860,1383,332;97,1046,320,183,1195;280,1216,694,448,1590;1733,1610,917,810,593;
526
1541;1466,674,179,141,1546;1085,1084,1690,1312,1719;1683,1300,703,869,1610;307,961,206,662,466;
527
1306;123,892,1168,280,1478;580,41,1040,1680,1288;1738,1298,193,975,1706;1052,1260,1215,568,1349;
528
1762;648,1551,568,1257,681;574,73,1720,1645,1271;1197,1624,407,1388,236;1623,1312,359,817,1595;
529
1122;511,1885,1574,361,356;1861,14,679,1828,546;514,222,748,497,65;1408,164,345,604,617;
530
1627;440,1582,28,118,231;305,959,1009,1123,1025;1806,1232,821,50,439;258,842,1874,1827,1521;
531
731;492,325,304,159,856;116,354,172,24,1575;911,1753,933,424,292;1498,1766,12,16,393;
532
463;14,293,1536,525,1430;248,1016,34,1419,115;44,1254,532,1377,589;1432,1614,1431,1250,509;
533
534;829,198,1504,1054,203;143,1658,817,525,1666;748,205,1040,273,1590;1241,1613,1742,1499,1837;
534
1008;393,745,650,670,382;408,966,485,1335,1018;1331,901,599,981,1259;1430,888,1240,571,1396;
535
1328;50,1256,1714,1333,449;568,193,897,1495,1243;1771,478,1393,1086,460;1074,289,1547,1701,196;
536
1068;976,45,740,107,1237;121,1487,357,3,1262;320,235,1454,286,4;1224,1123,1782,1574,929;
537
490;665,1024,1219,1709,546;586,241,329,1230,925;383,188,1625,600,950;55,1257,1210,1037,623;
538
481;1645,359,112,381,1897;1201,1644,549,51,1379;967,183,11,1720,1316;561,1308,1484,1721,540;
539
239;1471,1277,1790,1753,413;383,1635,1230,558,175;506,1487,1594,63,192;1621,1098,7,680,1652;
540
250;305,1433,1002,41,1070;914,1379,1642,237,332;1133,450,1492,521,1758;1625,1074,378,1430,310;
541
652;924,1742,1822,1549,146;687,92,1429,1390,379;963,199,0,1326,602;72,1047,983,377,1817;
542
1638;751,965,99,599,315;1684,1333,1443,1367,776;957,18,244,1573,1818;1808,1104,122,1504,1872;
543
1313;1224,725,114,1205,1316;748,1725,1503,712,1256;255,655,1584,1568,90;396,1708,1394,1177,377;
544
1209;311,697,1309,642,1640;53,1335,829,1104,1134;1354,1177,1216,1496,376;1518,1606,667,1221,197;
545
379;1245,1634,144,299,1888;1431,905,429,1201,651;720,1641,56,902,1690;1613,280,442,401,955;
546
867;1282,1214,1264,763,679;561,1223,1215,678,1867;1723,1039,1719,470,381;1286,962,1319,200,214;
547
1377;1636,1777,69,330,810;886,1416,1560,1648,34;1266,271,1456,218,1625;1665,1368,1856,1716,1091;
548
1289;399,580,1038,124,1308;273,1241,1364,1217,1564;1436,1152,1773,864,1285;1528,338,452,1477,1014;
549
795;1880,1569,1327,640,56;385,565,758,291,1273;546,1411,509,1579,945;757,788,248,1652,1784;
550
1636;1522,920,1592,1878,1020;82,669,1241,891,559;799,919,1185,298,1437;1026,1571,708,1034,261;
551
1252;272,1415,1711,634,148;1813,1460,261,1801,516;1836,1127,283,1459,605;760,1826,489,839,1295;
552
1046;595,1892,608,1358,532;1809,1296,1419,1091,217;900,1016,1314,1685,960;546,865,151,909,370;
553
1454;541,80,882,1511,899;489,747,1127,456,1711;801,26,139,104,148;1574,205,1725,1785,11;
554
1136;1704,1267,395,1611,933;308,662,896,591,1283;1630,386,405,927,314;1699,612,1500,637,345;
555
344;231,1404,1694,172,843;724,524,1034,1681,1044;128,669,999,1514,854;401,719,402,905,35;
556
1331;1798,515,1390,455,1133;141,1176,816,1524,50;383,1462,233,876,278;1375,441,1410,1042,1389;
557
1470;428,651,132,1524,937;1398,1314,877,846,1331;1645,1461,1758,1,1104;535,1156,1099,1301,766;
558
1766;1301,1673,1485,1179,993;121,1210,511,926,1448;933,114,396,1130,1445;1532,53,707,866,1657;
559
9;745,125,628,1129,412;1199,1544,229,57,1796;886,1658,1020,295,890;1805,1847,862,1858,1838;
560
337;1838,1380,1787,1182,916;734,1468,726,1494,435;1309,426,591,54,471;437,906,1751,417,182;
561
1030;1694,1729,128,385,1032;448,92,1653,353,797;1322,1894,1772,239,178;70,279,1530,244,445;
562
1319;1336,1509,82,835,1853;831,244,1496,1432,1180;1073,1567,1688,935,111;1087,1302,1112,1308,1259;
563
1851;222,774,853,690,1775;209,1494,1045,521,799;1813,1397,846,1378,735;777,478,1665,826,1688;
564
1218;1059,921,1164,312,1090;945,1093,1279,868,155;1192,1799,1797,1174,947;1591,1614,220,707,1246;
565
599;758,273,1559,1519,1113;97,1392,419,61,1204;984,319,1527,1664,49;51,664,1442,708,126;
566
706;1798,1560,1825,1704,992;1010,623,399,1382,1581;1640,367,1474,310,1116;1813,1014,230,688,1634;
567
1020;946,1857,1317,262,1113;1477,1513,16,1765,1825;909,844,611,1722,867;795,1214,562,1460,1362;
568
1565;364,186,1156,1058,163;1489,1121,1705,887,1371;712,926,787,102,1868;1647,327,1120,1418,48;
569
1303;890,1220,656,732,1121;1795,1878,755,1623,1443;1109,285,1050,318,1796;1314,722,626,367,638;
570
1656;1320,1112,343,7,189;1527,708,913,1409,1610;1581,1739,1271,869,40;282,798,746,1640,777;
571
754;1391,512,950,1377,1393;231,1783,920,1496,1799;68,262,1095,780,336;1545,128,1649,659,157;
572
818;704,541,1157,289,868;1274,654,304,1339,1356;604,736,1822,540,576;1240,904,1370,989,950;
573
221;618,719,1725,1859,1861;1566,1596,990,1494,1672;387,557,659,1125,986;1079,550,864,1357,797;
574
1138;124,1302,590,407,583;960,1146,1488,1668,235;1483,628,884,1096,622;514,1487,335,532,392;
575
910;1535,602,1539,623,1633;1097,714,580,1312,494;1653,498,904,990,1595;1691,1706,1151,1763,974;
576
218;1674,286,569,833,923;1780,708,1811,716,217;1886,440,471,1761,1739;1265,370,1255,2,1872;
577
544;1039,994,1641,1456,1550;924,1090,1678,1429,1330;321,522,1191,692,1072;148,826,590,189,109;
578
1706;453,1417,1865,1379,1629;809,1685,1320,859,747;1050,622,1372,1185,959;250,710,248,478,1676;
579
1589;992,812,884,1280,1039;127,890,726,1375,1894;99,1144,274,602,857;74,541,1827,1200,946;
580
1284;1240,23,1690,1560,176;177,252,178,1802,333;758,1737,1868,1038,1356;805,589,184,143,74;
581
812;1809,762,884,1767,668;1521,1688,1160,104,611;282,965,724,1120,756;1297,32,1136,967,942;
582
1063;1597,1847,360,966,1729;378,101,1604,660,1467;24,1584,1598,1271,84;1555,1495,117,1054,1240;
583
1674;504,440,749,1082,1804;1318,662,1109,105,1840;252,320,1491,948,1828;891,1169,63,550,1603;
584
5;1313,45,31,1107,201;1172,1778,854,1479,1100;1351,1779,1879,335,1171;1298,1621,916,662,614;
585
1078;988,1817,656,1360,1169;279,218,1260,1622,139;1798,1162,1252,742,1048;1819,480,177,1097,1010;
586
1123;1529,1176,227,70,691;1897,404,1235,819,930;92,1484,1661,1849,52;1291,1458,1502,979,1344;
587
279;554,586,1549,89,1695;248,1259,1526,646,1368;1165,893,1484,1268,567;398,976,472,1713,76;
588
233;74,1384,1436,1820,427;761,1457,1780,1819,229;923,820,67,412,924;1498,1581,1583,1200,1257;
589
482;26,1898,253,589,521;286,324,559,773,685;137,706,841,816,334;493,724,1425,1767,769;
590
1084;1620,178,1547,37,921;1134,80,675,571,1599;872,483,502,435,933;1231,83,580,564,65;
591
606;739,283,1347,1796,550;1784,1837,183,45,425;1201,1636,571,991,1243;570,59,766,1215,763;
592
837;793,456,1665,23,489;1850,357,1315,352,590;384,89,836,516,555;1856,1743,921,858,1048;
593
1563;1128,1867,199,1084,568;1375,884,317,599,758;748,1236,708,1777,1832;1068,1503,1215,875,298;
594
91;1047,922,1229,477,529;1725,410,629,1432,593;465,423,1722,349,1848;972,640,1639,237,1485;
595
1784;1785,669,1010,0,490;1625,1420,1688,1309,571;1654,814,221,879,1259;772,37,1771,806,277;
596
1078;765,1365,266,1230,927;1143,54,1120,1822,1424;306,1134,1117,561,1193;1678,1734,415,1555,1575;
597
613;1740,1537,231,656,642;1864,1692,536,693,1458;1773,492,1437,1820,1273;1237,80,297,1243,9;
598
898;980,1347,324,1145,129;1413,1637,543,309,1257;809,888,865,1749,170;1806,648,764,192,590;
599
519;704,1523,688,1149,1629;902,85,1738,729,538;1382,129,227,255,1113;428,1444,1041,491,804;
600
481;879,157,6,1657,123;1847,578,1237,1878,1758;251,375,1448,1075,1293;1,943,1097,218,581;
601
1652;542,123,1332,1197,1847;390,170,618,1179,184;495,681,885,1683,1868;1238,1192,1726,1454,913;
602
976;1393,1527,1621,863,236;1584,1654,1484,782,1787;1704,45,362,788,1808;1564,853,1543,307,534;
603
763;799,193,1337,782,1312;34,87,1114,1050,1765;538,938,172,1277,1012;621,1031,701,223,358;
604
912;263,431,1887,401,1884;1248,72,701,1793,1848;1382,1253,326,107,870;909,293,1251,1018,1128;
605
172;1372,1052,470,1866,289;838,913,805,1204,1535;609,1539,1501,1891,1497;779,414,329,1037,1713;
606
1296;1137,808,1812,1829,1381;205,1734,230,1125,895;22,149,1606,845,156;1259,465,1360,969,856;
607
1880;1317,1184,419,440,1739;678,302,76,464,1897;716,748,974,1819,489;1618,130,875,323,208;
608
783;1893,1287,312,173,1130;887,445,1200,1009,71;1835,1483,1541,768,1480;705,709,757,1881,903;
609
701;1549,877,1387,1717,1575;785,1094,1716,221,394;1447,1788,699,760,464;238,1697,1443,1600,220;
610
1673;443,81,1894,206,680;401,1349,445,750,784;693,1534,66,1743,405;1193,1773,494,383,903;
611
196;305,905,1708,1085,1824;265,928,887,826,852;69,332,1676,597,734;1794,1722,613,146,522;
612
884;1612,1144,390,1775,337;1897,145,1291,524,1308;1867,1017,120,475,781;768,1149,992,967,1880;
613
1467;959,1751,1795,39,141;1821,1646,1180,642,1615;455,282,1771,1630,678;1403,314,228,836,328;
614
899;1376,1695,1199,522,823;1751,122,135,1314,889;1081,1781,622,1731,690;1700,154,1034,1363,1193;
615
526;1173,814,1555,401,748;257,40,1871,1303,1191;419,1211,1080,1554,1818;1829,269,1435,1571,915;
616
1436;1469,827,1802,1606,790;1725,143,1826,358,490;1769,459,1276,1508,1385;800,712,1076,248,1097;
617
240;15,319,1396,300,1139;1247,698,417,1227,217;1005,813,682,1697,1455;1834,1839,842,1737,896;
618
291;1283,1530,684,1488,1461;264,392,458,449,588;1313,1328,732,974,1827;136,1567,215,515,967;
619
525;1656,281,1670,1106,1647;106,1605,1690,842,1196;529,1411,1486,404,1469;1432,1619,1210,585,1661;
620
904;1728,1743,511,1050,1108;1896,62,1335,1333,1527;973,1024,1562,1773,963;158,930,889,60,620;
621
1662;11,1695,1628,1238,944;1212,632,164,1450,207;1602,527,572,118,1151;254,1148,570,1102,1051;
622
1224;161,1746,444,1566,108;1774,1278,865,427,950;805,455,1293,1659,1639;1879,217,1491,383,1728;
623
74;565,874,363,896,1767;861,1789,1393,884,392;573,876,820,319,839;1667,383,282,776,329;
624
1103;1671,413,1276,1503,1279;474,1215,1177,1657,1219;749,1803,1763,1617,29;403,130,894,1705,248;
625
1613;360,796,573,888,1832;187,1510,1100,1195,963;1549,1727,886,1450,1778;1484,463,1697,776,1443;
626
1068;1401,1670,1565,1594,421;129,200,30,1673,770;1651,1692,817,587,161;142,930,1581,631,751;
627
1211;623,278,148,1092,1533;1767,82,72,1530,769;1115,773,677,1798,1367;1484,649,1585,259,144;
628
85;471,1608,509,610,34;1394,1142,1852,241,937;1094,1785,1093,1099,971;1516,857,1550,507,748;
629
1185;1666,1395,540,775,554;1601,1146,1763,1754,377;969,289,1219,869,1364;168,487,1064,181,1359;
630
8;1162,1669,1460,866,517;597,1619,1013,973,423;1316,224,399,1193,382;458,791,247,626,527;
631
769;590,623,310,343,1655;1093,753,1243,346,1743;1393,1094,291,452,565;546,197,82,1532,1731;
632
226;1133,1270,1483,1644,1112;84,1028,1336,639,330;1838,642,205,1548,1129;958,1553,33,320,1510;
633
1142;1740,244,863,1242,533;1056,219,1626,1604,1002;617,762,861,692,1355;1076,1668,860,15,1870;
634
837;1147,686,70,422,319;1861,1693,353,447,1831;1164,1675,1824,62,859;1318,1537,597,1835,1120;
635
1734;186,1852,995,1154,200;1443,766,443,1141,1792;1888,401,1473,1112,329;1626,1694,807,126,1429;
636
1610;1789,693,744,1890,1718;857,19,925,1692,1598;1318,1586,1442,755,1043;600,1644,1523,1105,1815;
637
720;1093,1763,1295,385,47;176,1896,1173,719,1671;1895,1436,989,227,1440;1818,544,449,42,458;
638
1024;744,55,1572,42,346;665,786,220,1404,1015;711,353,233,825,1507;695,1161,616,1754,1766;
639
794;1865,375,732,1034,499;887,1599,449,450,1236;792,426,424,842,1194;861,1843,162,427,1355;
640
949;1661,441,1713,970,58;1309,671,1527,1831,216;1069,1450,28,137,550;1447,1737,1130,1554,774;
641
1486;742,318,1335,1240,412;1180,724,156,968,1651;929,715,903,595,820;163,1781,404,894,40;
642
1228;1426,1204,820,1744,1736;1286,1557,1208,606,603;1870,748,135,901,1741;1846,1857,1654,1328,1164;
643
94;1851,568,295,1391,600;1781,1612,362,341,998;1772,1205,1355,1422,1322;1252,1685,650,1500,1;
644
788;613,1440,670,912,548;1414,1701,498,1523,1400;303,876,865,297,1052;1315,1521,1589,732,587;
645
709;1321,613,3,1435,78;446,825,1522,1291,1266;616,869,883,1814,1259;964,1145,665,314,1096;
646
442;385,1535,359,256,34;1873,1458,1205,513,719;1795,1070,78,1049,1512;1537,1033,778,1160,1495;
647
1355;540,488,412,1774,1417;137,1802,702,833,1570;1149,1587,277,301,1267;394,324,604,1477,1297;
648
1337;1702,394,1000,371,1500;92,1672,1807,1855,1823;139,137,1030,1087,1431;1705,912,1842,1707,1070;
649
978;1022,211,559,1125,448;839,451,264,1371,428;1745,1155,163,1587,1835;793,1555,152,731,1474;
650
1300;504,613,1883,158,75;484,1697,577,850,517;1394,688,376,599,324;1851,846,1753,132,824;
651
1491;1801,1780,1794,861,847;577,1535,1607,710,744;1185,58,1580,1078,1789;1855,914,868,1806,1412;
652
1508;1360,1647,507,96,948;942,1763,10,1150,791;1428,1832,1386,892,1874;913,297,1830,1480,2;
653
1036;1633,9,288,369,1676;1409,1473,1616,1339,77;1765,1111,603,637,457;1498,1157,847,1629,1606;
654
1145;684,751,206,1538,305;637,875,286,986,1133;1593,1803,359,1230,285;1066,217,138,1279,819;
655
1764;1178,148,307,178,1171;136,695,243,337,901;991,110,1549,1672,1331;1451,156,1832,884,1793;
656
766;408,546,414,1761,1063;1670,722,1792,1730,899;1885,906,1735,1720,126;945,163,940,1055,1354;
657
1499;1672,506,1418,1177,174;680,1754,1858,1069,557;1829,121,1103,939,1644;1621,1368,1537,671,1548;
658
282;302,1649,174,147,276;345,1668,325,1009,1593;103,828,1027,459,1053;119,1024,213,1285,84;
659
1558;1364,1567,412,585,375;908,879,90,158,1698;1373,287,1415,1485,864;1226,1460,668,575,1351;
660
1313;1148,728,745,166,1198;339,1816,975,395,533;1351,1212,1060,753,1205;668,337,1783,1183,377;
661
1139;1186,545,974,1209,1359;1594,903,1442,649,1866;1571,1194,1250,763,724;568,1285,1150,633,449;
662
215;1162,1678,1852,635,1330;1357,411,204,1806,1050;994,1342,1005,1209,576;1200,1458,1306,1178,1483;
663
1266;1081,79,466,1475,106;868,524,1567,122,947;1349,1553,1453,1062,278;1121,925,1403,1469,1194;
664
233;1875,464,154,523,879;1365,1128,886,1026,726;504,759,565,1359,1667;1090,1885,716,1767,1347;
665
1719;1875,1645,1660,1135,1429;1231,206,602,550,1404;507,1422,1440,1443,913;1805,1087,1187,1707,1346;
666
1816;131,986,441,1499,607;1412,1519,1810,1598,1778;582,675,555,971,739;518,1894,1628,1383,1078;
667
946;400,1536,1475,1121,1318;770,1358,1157,526,355;340,287,1847,1211,1427;567,1030,1720,295,1666;
668
220;958,848,78,1679,830;1114,1829,882,11,1622;1823,1743,800,687,225;1384,1790,701,538,435;
669
684;1160,1784,1884,1511,391;1759,703,984,1147,1167;1076,1212,1181,27,986;1319,1352,1557,1245,0;
670
741;5,672,651,259,889;750,138,1430,92,1356;1520,591,1807,868,1722;1242,1484,1411,404,747;
671
1419;480,1557,1887,1615,1527;70,741,193,1695,842;1474,437,1458,1391,1849;1775,1206,41,1045,376;
672
920;526,1857,1600,481,396;874,50,294,1688,1026;762,1696,1095,1254,6;238,1333,564,772,1749;
673
1126;968,543,432,1284,1892;360,1011,822,1209,339;1510,595,1263,24,1715;1312,830,991,385,1417;
674
1630;380,1706,1014,710,1507;518,950,238,691,1391;1673,479,1323,1251,1765;205,660,1329,176,145;
675
655;1566,864,1032,1858,1067;150,658,261,273,430;1062,437,718,1712,251;660,34,1001,357,735;
676
1540;1456,1033,1180,11,1035;573,850,1646,926,395;636,1528,535,1780,989;1422,1313,1283,4,1649;
677
1074;199,1044,561,586,487;595,200,216,387,147;1196,1086,210,1146,683;137,1795,1771,1058,1666;
678
1329;253,489,1762,22,950;1203,1370,297,1391,1423;1893,800,1765,1477,1287;236,1472,242,1156,598;
679
368;1809,76,1843,1073,159;72,1754,1785,1648,926;192,613,562,1735,671;1510,1606,385,1541,697;
680
1118;465,1384,292,429,91;1034,393,135,1407,366;455,511,195,314,982;936,191,420,653,847;
681
1287;585,1107,668,664,1644;1217,1096,326,1207,890;793,830,1866,723,359;700,451,743,1825,1780;
682
625;385,195,276,957,1023;1319,1136,409,1750,845;268,262,1328,1582,210;474,1130,1142,1255,1610;
683
1394;636,1833,1689,594,498;792,524,374,1069,27;471,1637,1210,823,1048;630,768,101,205,172;
684
878;960,1292,685,206,180;519,1354,1151,650,469;244,1266,182,940,953;574,1441,8,1453,534;
685
306;1781,98,1705,673,686;1830,266,317,1850,103;797,999,1186,1563,1316;1582,138,1506,1132,496;
686
787;1647,386,1241,1891,294;674,182,1255,444,909;1034,1794,967,7,663;234,600,470,1640,1872;
687
179;1201,1487,708,53,1021;130,16,1690,94,1772;1207,17,1348,542,1841;245,92,317,988,1047;
688
388;1792,1797,1405,1757,1029;1446,1388,1896,1071,1492;1090,1437,960,1776,743;1625,432,1834,615,315;
689
608;1724,399,1456,1666,1300;652,595,1433,42,647;1524,114,1772,1475,1209;916,1061,1251,1442,1420;
690
1596;1418,332,1458,36,765;1514,902,81,1134,749;1310,220,1111,1377,614;82,991,479,343,1041;
691
526;157,1757,887,1483,344;67,1772,1717,1458,1581;612,225,680,1636,110;1593,962,167,1544,291;
692
1006;537,1395,467,1745,564;810,768,477,1343,348;1879,1005,1857,1064,1724;459,1513,133,430,545;
693
535;1109,1342,350,656,1360;1371,119,1830,868,489;1630,1508,525,509,1606;749,493,1188,325,889;
694
1454;734,1699,1001,1659,1255;428,1537,1873,379,1536;394,1130,1479,1496,856;1833,861,1735,1690,544;
695
692;1337,241,34,534,1596;1478,949,1325,1309,732;1170,81,851,145,1206;1539,529,37,1001,1835;
696
1715;1732,1839,506,1308,9;1395,660,254,1499,1385;1587,1250,718,1316,801;991,119,893,645,1064;
697
807;15,1041,655,1656,569;1713,1153,1791,1727,697;401,1859,1644,436,1899;1850,1840,1828,578,892;
698
1739;786,547,1773,407,546;867,450,614,1423,1820;1399,1436,143,103,1874;1801,438,1428,1642,1845;
699
1652;1786,1347,470,1105,1624;344,1879,685,1852,623;675,621,230,1792,35;849,1504,195,1370,1593;
700
1251;1045,1577,193,100,120;426,1297,644,1260,1513;1752,293,1464,1704,1769;1372,155,595,935,340;
701
320;271,1655,401,1125,1598;992,1333,1584,37,1517;576,423,744,14,190;1626,250,891,677,342;
702
1771;1325,736,1134,1045,234;1550,1799,1041,1043,1249;173,992,745,1561,906;746,153,831,415,708;
703
455;1066,1526,351,1133,669;1295,1514,1036,770,1537;245,1821,1028,1073,343;318,1651,421,990,1348;
704
1505;1727,346,721,1317,1592;757,1790,675,1789,18;1061,118,863,514,296;1157,1722,1309,1850,1088;
705
751;1263,92,529,1344,19;1432,846,1438,201,533;635,1552,1377,1895,1850;795,368,958,1779,152;
706
1467;588,1383,966,86,737;259,886,102,156,650;850,368,271,1239,839;53,600,647,408,129;
707
175;1298,762,1214,1338,880;822,946,1843,1827,1030;1845,1085,442,1650,1614;1695,1566,339,1895,1595;
708
820;842,439,1847,976,1241;847,782,673,930,489;389,55,331,400,1004;199,1197,1858,349,714;
709
1323;958,46,513,1612,748;1551,1233,398,1563,1012;626,1468,1347,898,98;1415,1596,76,170,1286;
710
1669;1553,945,1295,59,844;87,897,437,896,1355;586,1374,641,1250,1661;1542,1230,80,1480,591;
711
331;1425,1187,549,1241,1808;438,525,1793,410,932;682,1662,1602,83,1050;449,859,753,1798,694;
712
465;1294,80,1350,1316,1892;1851,1014,399,608,1853;548,989,738,778,709;695,1044,589,771,230;
713
86;54,1286,1552,515,1703;114,212,185,1235,539;209,790,1718,1822,1657;736,734,989,1693,671;
714
496;690,480,766,354,1597;629,957,409,616,1753;1102,155,942,1213,511;984,591,1445,234,314;
715
40;314,1526,898,1571,884;125,289,745,1567,419;1616,548,1438,1074,1221;1218,1001,1096,1850,157;
716
1314;1009,1589,1086,134,1015;1696,979,585,1074,1642;958,1878,1168,556,1690;1226,1806,464,1868,266;
717
1361;1503,1120,679,763,1203;1576,1629,1541,1179,1849;1369,682,576,853,739;1413,658,1807,1414,1782;
718
1867;1866,1721,798,1874,39;1546,1841,1795,882,1399;1062,1275,1775,1186,1815;591,149,259,814,551;
719
363;1076,834,1014,13,477;627,933,1197,1331,380;1876,449,752,240,210;37,1184,245,1626,1849;
720
977;102,1209,1708,1596,1386;326,1774,951,1052,392;646,1088,704,635,167;1731,1350,371,351,424;
721
1410;341,584,950,144,1029;1304,1421,795,1163,634;577,1687,715,467,408;1643,44,1564,1422,1673;
722
1658;1160,176,1120,1575,1057;399,1052,188,301,814;180,1339,1848,1308,467;118,31,621,775,201;
723
185;1609,403,172,1596,864;477,686,1844,448,1111;11,84,892,154,1028;1078,1378,67,692,385;
724
160;666,1713,948,437,1262;1816,363,1467,162,1046;643,548,1729,80,408;1295,1026,1727,1320,1792;
725
724;759,244,1175,1008,1661;1014,1425,448,1467,762;292,473,1142,539,197;1009,1775,584,926,1705;
726
981;1266,13,790,115,411;515,257,483,418,1476;254,477,1014,1149,763;1227,946,175,1794,1535;
727
1816;1411,289,81,1727,305;347,525,1294,974,1606;88,23,76,1349,1675;1074,929,1266,1713,273;
728
539;137,828,1317,1647,719;1631,323,1541,482,1408;1177,565,917,597,540;1128,1504,1375,663,903;
729
384;1657,767,1809,590,976;142,1738,1241,964,1788;1366,587,1422,855,345;583,1750,1549,1447,644;
730
493;1886,1318,845,305,1070;383,273,1760,523,338;1153,741,1859,1772,1412;521,1452,1367,1880,716;
731
110;1328,1874,1438,663,176;1556,169,1419,719,1830;19,962,1435,706,1758;478,160,1559,1654,1846;
732
514;378,1378,1474,43,1612;1129,1314,1540,1186,1166;1892,302,44,337,783;91,1796,125,128,189;
733
1028;80,750,1411,300,297;1223,1700,1793,1504,1050;303,748,1345,1757,802;843,1136,1015,875,1361;
734
649;506,1798,1801,277,1184;1570,1692,838,582,896;216,560,1038,1720,287;1426,583,1640,1588,1796;
735
984;378,1322,595,54,14;1316,432,1156,1038,1104;575,183,1715,1305,1191;775,214,280,569,796;
736
178;1172,324,392,484,908;1266,332,804,59,1842;1489,418,602,577,740;857,1721,1011,1577,760;
737
319;1175,1023,1112,763,1813;482,1490,505,1541,241;1741,74,1627,316,1515;877,1728,1725,1797,1258;
738
642;1081,1371,1419,213,1655;239,198,828,679,549;1151,1549,1798,1669,570;1812,868,271,382,730;
739
979;1522,479,614,1723,543;24,287,1708,748,122;824,694,366,581,744;379,1288,747,1556,930;
740
920;1587,1464,10,1540,1683;1296,143,1893,145,756;659,775,1352,635,725;1339,751,1812,1513,167;
741
1715;1851,427,55,1434,350;545,1180,608,353,1484;546,405,1418,1838,1518;836,245,614,455,292;
742
166;1570,468,183,833,703;1524,1213,1693,1722,615;1789,1014,624,92,809;956,1558,1158,765,514;
743
707;1549,1117,971,64,1520;894,715,1026,1592,689;588,1497,1562,933,1109;751,344,703,90,1277;
744
1089;959,13,1160,1361,1297;582,863,88,876,367;682,74,671,294,703;1508,1109,1417,256,660;
745
612;1381,599,68,556,28;837,1182,155,640,1847;431,1177,822,817,1275;864,1411,651,1301,731;
746
321;1570,111,1791,229,1483;1133,1245,484,1103,1843;1856,767,186,967,1141;819,1342,1239,736,1011;
747
1193;1135,823,165,1303,766;108,1080,1180,1393,393;1086,1032,1850,19,538;1207,727,84,346,671;
748
1333;828,846,1133,280,1779;1205,1265,1854,1621,11;1071,230,94,1544,1302;1005,1636,1093,1632,922;
749
1847;1590,1887,1714,1247,714;678,1085,955,1692,960;1690,40,169,1760,173;1351,1245,1609,942,975;
750
1365;1646,307,842,1289,343;58,46,1709,779,124;1683,516,804,520,1879;410,204,207,1464,1190;
751
1661;484,286,784,638,308;1550,51,781,803,1634;511,1583,1771,154,1251;752,152,212,1476,766;
752
1049;181,905,762,1448,1461;25,1636,35,1453,1442;852,1428,440,822,696;1713,585,500,1739,439;
753
780;880,1866,111,1318,1260;1588,269,729,1386,1493;1399,1898,366,514,1717;1460,789,109,847,198;
754
112;483,1659,635,75,935;143,630,1230,1252,132;1348,1858,919,1460,359;808,798,1448,1364,98;
755
1835;999,34,1300,1147,1699;1121,469,865,662,1023;615,1724,138,1272,847;491,718,1412,364,667;
756
1299;204,450,1248,1698,1455;491,715,384,733,862;262,1433,293,1683,1200;1623,95,984,796,1526;
757
1185;869,844,656,294,739;1034,1784,1489,483,606;1285,1397,623,1032,733;706,1144,290,602,1709;
758
1833;1581,1818,307,936,1863;536,1217,16,609,1667;467,1670,989,1008,1096;966,581,468,1069,287;
759
349;313,430,799,1428,648;1271,1601,58,445,1343;1667,596,656,774,1563;524,73,521,387,586;
760
856;125,957,20,653,1007;1508,1199,647,800,190;1210,1546,1621,1017,944;1437,88,1455,1878,696;
761
1210;1314,541,1709,1551,1278;276,209,449,886,384;464,1738,670,850,854;1799,1366,1360,31,197;
762
208;1565,597,563,289,1499;422,68,1250,734,1001;1481,1700,697,324,1685;271,149,1058,1309,1576;
763
878;1521,1163,333,1037,1863;1388,1747,208,939,1435;1155,824,1487,1856,1890;398,311,150,267,3;
764
1600;1313,495,1327,1538,1440;1855,921,1248,917,1664;1039,1279,562,282,1044;1419,349,1339,1149,1157;
765
561;1184,1437,966,355,1409;474,571,1029,1769,656;186,718,329,615,1576;1078,488,1255,873,1722;
766
322;1456,1780,1293,917,830;1793,1442,451,1156,1366;648,290,829,1763,87;536,530,1374,1378,826;
767
657;1866,1816,1474,1681,1435;105,1498,1124,369,1448;877,340,377,1330,945;1482,1438,333,496,1003;
768
1850;1323,213,1337,1596,1823;388,832,1263,301,279;979,1506,1191,1536,1162;1133,1293,1890,31,623;
769
1487;978,990,1639,414,1377;1134,693,1002,351,145;1096,697,608,1624,1682;591,1140,505,138,84;
770
1018;1893,689,1795,558,208;1283,244,427,1597,1299;1868,1287,546,1148,687;524,638,657,376,1142;
771
1558;478,277,999,889,592;1079,1151,1720,709,1755;482,1871,1317,1800,699;1873,1380,172,1407,816;
772
1418;492,1462,82,1052,485;125,533,1319,1652,1241;1496,1751,1734,1067,330;1492,915,1035,942,536;
773
48;175,1541,497,788,786;1781,357,804,1562,740;33,1872,1475,132,1245;1624,1005,65,1013,194;
774
1672;376,710,1617,1296,95;247,1433,153,431,1733;1322,12,241,667,1415;369,287,311,575,1846;
775
870;522,1746,742,957,546;1405,670,1574,1514,1674;803,1339,249,1213,214;1731,156,1777,1858,527;
776
1874;204,879,371,360,866;11,1441,905,448,1015;1120,1050,675,1484,1669;1319,957,1096,1473,1086;
777
1410;1551,22,222,718,1713;1385,899,1215,997,1193;928,1899,1609,1087,798;842,1086,1317,814,797;
778
1282;1114,1874,677,1337,1511;1700,225,1058,291,1859;322,1733,664,1485,1244;181,1809,1573,880,897;
779
372;1506,811,1624,1221,1699;403,1688,1827,279,1133;839,1224,404,26,1718;334,1554,129,1325,1520;
780
14;980,889,1784,1228,1509;747,657,286,938,166;1172,1477,1666,48,1468;1209,599,645,320,1521;
781
621;218,323,674,649,497;1205,134,456,1132,1035;1347,603,1472,1784,296;228,190,912,1594,1645;
782
506;583,383,1369,1681,827;696,589,471,1457,859;1149,1388,1847,1243,1605;1725,814,1761,405,978;
783
1787;1255,1263,778,686,339;1245,34,336,647,400;1014,1606,38,616,863;674,579,707,612,357;
784
46;1260,215,832,296,1349;1198,484,547,877,239;33,898,967,115,886;1662,1625,1165,1088,1440;
785
598;226,1846,1026,1126,979;49,1272,463,1037,652;999,1556,1503,668,920;358,288,1811,440,372;
786
1603;558,1120,1575,738,856;222,899,1125,1683,1588;701,659,83,35,836;217,391,1382,1217,905;
787
1444;1850,1272,603,1194,1065;464,241,1770,812,1782;840,120,63,177,1137;1525,1662,291,290,536;
788
1141;1372,1054,1710,1230,1495;117,1883,1764,534,1552;334,783,1591,1181,536;864,1011,1314,114,1647;
789
1844;1267,1147,760,31,85;120,1832,333,1400,1037;848,108,1421,945,842;397,935,149,336,135;
790
1379;272,376,1738,242,1159;154,848,286,216,872;287,49,1851,1787,89;1194,1693,691,1555,1824;
791
1864;923,411,1399,1474,117;1712,393,1835,1018,1288;326,1710,640,868,986;1708,1432,1072,1187,1492;
792
1590;1723,1341,1433,1812,367;1876,498,1554,506,1230;1178,9,846,574,1483;641,886,645,329,1548;
793
1092;410,1433,1591,1549,1684;638,1761,181,222,176;1420,1544,520,1641,1273;465,754,1541,1595,1107;
794
346;512,105,977,965,846;183,170,265,1633,930;205,76,75,359,432;1440,1759,254,1852,201;
795
1091;697,748,147,1269,1495;1327,165,702,159,795;887,537,139,1381,503;160,552,324,1586,8;
796
1674;1778,936,1198,797,316;969,1888,267,405,1569;1376,1005,1776,1173,957;409,577,1034,295,386;
797
951;1841,1156,506,1082,1513;525,1637,23,292,1407;359,419,742,1776,40;447,895,333,1130,486;
798
1629;1706,1338,262,1122,625;1767,1217,213,107,1389;277,161,6,1542,490;1538,1406,1694,391,1415;
799
1626;1376,543,416,326,1386;9,645,854,288,1689;244,1645,308,330,1848;1503,384,1858,1823,253;
800
581;1438,651,16,445,100;1779,686,87,572,1090;81,1505,582,1631,513;269,1265,1817,341,754;
801
1719;1158,1036,421,1631,1629;279,497,1193,1860,1772;1792,1811,1515,1464,1150;1292,1603,140,627,1761;
802
41;1477,186,358,1055,76;1313,102,433,1146,120;1246,907,86,739,1581;396,532,6,573,171;
803
501;950,1460,697,1684,379;7,1571,54,1279,821;1543,119,1867,322,733;1736,797,1258,617,953;
804
1515;558,1432,1163,1495,1590;290,861,1473,16,1599;1364,1585,1211,1278,396;1171,1584,1779,1036,570;
805
993;538,24,1789,231,1258;1126,1155,1023,1371,398;289,705,1668,1702,1093;315,1679,842,1590,1863;
806
1567;1733,657,936,258,1025;91,1732,763,624,1333;314,838,1076,1307,1433;737,1318,1678,1097,107;
807
1763;1221,1469,815,281,1881;1323,459,834,1893,879;106,1123,1799,1088,597;1482,1455,816,1854,665;
808
393;1804,657,1486,838,1004;1636,706,90,1868,1289;1218,288,566,1353,1739;775,335,1571,523,1536;
809
768;1407,1340,1513,1734,930;180,1524,163,937,1303;1429,228,1753,1448,534;1618,231,1563,489,1593;
810
81;1657,721,543,1552,1541;90,316,1741,759,918;1743,1283,869,1631,59;720,1126,396,1043,154;
811
23;419,1295,37,623,248;839,633,621,1167,1347;874,819,1696,549,280;1686,563,882,205,457;
812
12;1300,1825,564,1422,194;1584,1512,1088,1282,868;1205,947,21,1354,755;133,319,308,1694,709;
813
1150;823,991,77,195,1667;1841,577,20,1159,1344;558,1524,930,1413,1186;649,386,490,1859,1535;
814
93;1289,61,1751,1653,304;439,1444,1360,1118,1553;1749,869,1116,806,290;1602,914,1151,1467,991;
815
850;943,248,545,1617,1044;958,494,480,1770,485;186,1784,1660,566,886;710,1545,617,1272,1636;
816
676;1835,480,797,1000,91;1160,1266,1871,681,1772;463,1741,166,265,1577;1355,971,491,1155,1107;
817
1124;451,1537,1192,95,721;11,247,1870,1652,585;1746,1854,1691,1116,12;1177,1550,1210,551,69;
818
983;1728,739,844,595,608;136,1006,1247,811,124;1686,1069,945,72,885;697,227,752,322,1470;
819
1849;1878,744,1866,522,1253;1577,521,1319,59,74;36,650,1711,1674,808;1816,1647,639,1279,1330;
820
381;452,391,138,828,1679;787,560,1493,296,372;1642,1042,851,776,490;1650,580,244,335,115;
821
1342;1867,830,758,1789,1805;48,1500,421,559,14;1157,953,1085,19,1634;1304,1368,1213,201,306;
822
1372;1106,1766,1482,1712,1387;1308,1281,559,1848,1421;897,324,1487,1503,777;561,1618,1803,1533,74;
823
796;399,240,805,1190,1785;1894,1621,985,735,853;1148,313,385,200,1584;723,250,446,1495,989;
824
1016;1357,1261,538,46,945;1677,601,1844,813,501;1896,487,1301,1161,1441;715,884,745,1733,1267;
825
1093;587,382,1643,1402,1480;721,631,702,1735,1153;561,1533,1556,100,428;1100,1729,1158,287,1047;
826
672;1620,746,1141,895,1023;813,13,601,327,965;403,1319,606,671,368;1036,1255,1527,1676,1302;
827
771;711,710,1517,498,1512;716,531,1547,552,1115;192,1363,1067,214,1519;822,433,812,139,1429;
828
1619;996,450,862,1639,764;586,1613,1282,1218,710;928,476,1235,1407,1650;1714,1430,845,564,624;
829
366;399,359,747,904,1365;1,653,544,1002,1639;604,484,1364,1730,607;1048,1619,498,353,1443;
830
1821;533,488,1309,582,808;1274,152,412,351,275;1155,1142,13,1341,174;141,1718,1473,594,1746;
831
612;1429,874,598,724,547;998,885,584,1286,336;423,1023,1862,1488,1724;156,1048,1462,477,1302;
832
1847;1633,1400,282,1136,758;1337,453,921,1716,1096;1454,1346,1094,1624,1568;212,1604,973,652,787;
833
841;473,1299,1855,526,1612;707,553,503,970,1797;102,862,1823,941,485;720,1148,302,754,956;
834
1474;454,1666,557,403,1521;468,1887,452,75,951;1611,1513,718,970,805;1741,634,816,1004,880;
835
406;1850,1833,1806,1550,1522;1088,544,373,1723,683;276,1816,871,107,1852;1528,799,1477,1780,765;
836
216;1093,715,177,389,888;1686,582,219,1493,1899;326,32,1712,533,509;1523,188,456,1156,513;
837
1150;975,1191,1039,1875,832;1208,1338,892,801,654;669,1691,982,644,1897;1523,1544,2,429,843;
838
1770;1512,191,1645,1175,1558;594,394,943,610,1217;1158,1706,1794,1406,1651;1478,1184,1437,28,1015;
839
569;1646,1675,1143,1151,829;209,830,1431,55,915;1728,994,461,946,130;842,1607,1002,1276,1399;
840
426;746,1752,1428,1607,1371;1898,521,1299,256,1002;445,1155,614,266,1501;1433,981,478,1700,1693;
841
370;1862,1705,754,1591,631;653,423,1613,1551,672;363,852,535,796,883;541,531,995,1262,356;
842
372;920,1465,22,745,1687;1646,324,744,1685,1246;301,899,1505,1581,814;1413,1745,453,464,1304;
843
57;1455,1704,36,399,1654;1382,733,1016,647,1030;171,236,863,1327,1277;354,653,173,521,938;
844
300;24,1055,234,1136,96;1662,1084,1799,1265,1247;1558,1288,12,597,1838;27,1672,174,1215,677;
845
1688;903,852,760,309,1208;62,1011,503,167,568;95,1361,1556,259,1552;818,737,1733,42,1353;
846
584;1271,932,300,266,143;561,1609,724,1025,821;1709,670,729,12,237;397,631,1242,812,876;
847
735;1137,699,1755,1863,686;1080,1607,678,1599,1895;865,1590,726,1651,1135;1519,220,964,1557,776;
848
604;442,1298,1801,1544,76;1124,1318,502,57,1362;463,1458,791,308,628;1333,830,1193,0,1165;
849
398;182,736,1890,1092,1481;205,488,1361,285,451;1371,1658,998,1500,252;705,352,956,153,1333;
850
52;383,939,766,1506,489;576,478,1369,1167,1575;261,1540,156,817,1831;209,1250,979,1241,617;
851
815;832,51,214,145,843;224,1646,1269,1842,307;637,315,1650,384,110;533,544,994,980,1042;
852
1806;1602,75,338,1691,1885;425,1721,9,678,1868;502,1893,1135,1402,979;335,1247,1086,256,965;
853
1057;484,838,1641,1415,462;383,1629,1275,533,288;126,1760,243,244,267;1329,499,555,1809,1284;
854
1485;1044,484,1042,1253,1851;1658,1162,245,959,1296;648,1699,540,258,585;515,1797,1653,1697,848;
855
388;77,264,1598,1758,1634;1556,439,944,247,15;234,1235,1591,614,170;377,100,67,1838,1065;
856
604;920,1608,818,1677,307;67,1031,1831,653,53;1495,1153,270,1060,584;1146,1741,356,1663,1030;
857
304;1586,1713,1882,1684,1549;1052,41,1306,618,977;1893,1308,1368,1331,1682;873,306,1729,302,1648;
858
1297;367,1021,788,1334,628;870,4,1281,1853,1857;1590,1884,169,267,344;1170,318,509,1834,907;
859
246;651,1868,1514,1467,1801;262,1848,1536,593,1589;1864,1607,1308,1253,1705;1206,98,595,7,57;
860
1758;1434,1020,1459,1742,1649;1709,822,413,56,1163;1729,222,1366,268,507;291,1409,1815,1230,18;
861
172;478,792,1714,1383,1765;1465,1300,1791,604,1062;1206,31,742,1782,288;1140,650,1848,136,90;
862
1222;1226,697,327,183,180;1203,1492,1121,1371,1197;1630,121,103,330,562;1183,587,1696,1573,1321;
863
1880;808,1213,148,502,937;706,176,228,1769,1607;944,1753,627,1376,250;1390,823,370,15,1557;
864
1276;923,164,934,189,890;1577,1292,355,799,1032;1667,285,1524,749,1161;1423,1761,154,1109,1589;
865
842;548,449,1286,412,1566;1239,1750,1617,467,1253;1280,216,1572,1051,699;1211,1473,388,877,708;
866
544;532,1348,1883,32,1439;507,1360,1789,411,1404;617,1493,780,563,842;667,1641,542,1893,347;
867
1676;94,1628,887,324,203;1822,1291,1763,1832,954;1523,1739,293,6,251;104,66,1293,266,1304;
868
651;247,10,296,564,400;1198,1674,1288,217,113;1048,1206,1315,1009,127;1616,1703,75,1330,155;
869
1319;3,1257,1185,1612,613;999,820,1297,383,1152;159,305,1824,750,1870;219,303,666,1119,631;
870
200;1203,1072,858,1518,1504;1598,1385,1005,1037,1682;538,569,567,402,1855;994,846,317,1871,462;
871
1548;164,1020,360,171,1157;754,885,1244,504,1174;895,395,988,153,1255;125,1795,442,341,48;
872
528;332,37,631,14,1540;550,321,1854,882,328;1302,678,1139,374,1658;1247,290,785,687,308;
873
529;1364,272,1863,1272,249;792,1648,550,662,1346;982,1481,928,1638,96;241,889,1501,287,1846;
874
1176;1003,870,62,968,328;494,462,493,1856,415;970,1601,693,231,1624;177,359,1145,1024,416;
875
1428;500,1779,1636,887,587;269,512,1222,243,966;621,1284,271,1005,126;180,361,1014,708,1530;
876
234;763,1417,345,1260,1093;1301,298,1687,1,1827;1745,245,1060,1871,303;1863,52,555,1398,1788;
877
1774;249,559,1009,521,1717;1553,361,1227,1832,883;1657,655,1063,1190,704;1153,861,1604,1752,184;
878
544;964,580,487,672,1153;1631,677,1188,1504,963;1716,1194,438,1174,796;1817,864,1204,671,63;
879
941;1650,1087,126,1722,757;1852,855,1358,1868,1550;208,234,1667,1450,1357;539,1229,1804,841,856;
880
854;354,1573,657,841,1289;1143,594,1256,47,406;154,1592,1756,155,1268;1188,1397,1125,116,1809;
881
985;341,1697,234,1757,854;64,1339,644,302,1476;207,1535,111,220,615;1031,4,1109,170,1544;
882
353;1877,540,1832,1689,90;998,996,359,867,1788;1263,665,30,1601,782;36,1134,1641,1838,1643;
883
27;696,1859,624,1235,1291;1153,348,38,705,1218;1007,1239,1884,255,444;1417,876,1228,542,1505;
884
317;1005,1589,621,457,550;189,675,249,650,1716;1635,556,1101,1861,466;1637,1010,192,402,1823;
885
105;864,1627,906,1872,335;195,1013,65,40,287;1728,525,269,478,1031;1019,368,1819,1378,1287;
886
718;1203,373,619,413,109;1509,438,907,974,190;1637,1073,558,646,689;340,755,1083,561,1603;
887
1487;648,522,958,744,1604;641,26,1607,549,299;129,1578,180,1176,1405;1624,1209,1029,1784,1007;
888
1400;1353,884,1191,380,1685;774,1293,1870,288,941;1043,34,1034,1604,1139;1578,1300,1391,431,880;
889
220;1090,755,1168,1608,908;1361,450,1279,1452,1196;1018,1278,230,339,1448;1078,846,130,1456,264;
890
1296;952,1722,1016,1489,1513;1461,942,738,538,32;1887,913,1799,1751,620;1503,1405,1680,250,8;
891
1642;1424,785,1270,1406,10;1859,1502,167,359,929;1682,638,1124,1042,833;451,548,1151,480,1656;
892
814;765,1585,380,38,119;1216,572,873,1263,160;251,1208,519,490,1771;1415,859,1078,1794,904;
893
1407;1349,678,680,1482,947;609,543,979,668,1474;1843,290,712,254,165;231,1736,445,496,917;
894
1160;252,1295,1168,1034,875;1463,928,1787,1300,1072;1249,785,491,438,1732;229,1553,775,1542,1821;
895
146;944,1393,1126,517,378;1163,1604,746,497,31;1068,237,1431,1434,1583;35,339,122,600,1413;
896
321;1445,1203,22,1878,470;1883,1040,1284,418,303;183,424,1486,440,1011;2,1184,1626,1209,1067;
897
766;498,53,1411,192,621;1872,325,242,436,1023;1172,200,1328,682,1787;1040,1737,1041,471,1888;
898
1871;1447,1413,1022,557,1336;700,198,204,878,351;70,1649,953,1318,710;1609,276,1577,1661,507;
899
927;402,591,842,1111,53;1291,232,1061,1818,447;1092,995,786,885,257;701,305,1372,238,209;
900
468;715,1039,206,1089,1062;982,1666,1789,1204,289;1701,1025,1852,1373,191;1192,1212,1149,1299,219;
901
213;1098,379,721,755,1752;598,703,1787,1816,671;590,164,1197,1486,62;833,315,1257,883,80;
902
24;246,1883,126,494,1345;229,1604,1614,2,1385;1267,1318,881,375,1578;1658,1430,1712,1075,1217;
903
1583;1607,1516,553,521,391;594,1750,1755,974,1826;170,366,19,559,1696;415,86,497,258,1210;
904
1597;750,362,1108,1861,879;1492,1226,719,575,1031;1322,755,1821,1899,522;593,71,1012,1798,749;
905
1549;389,353,1410,670,1463;1702,102,561,1008,1871;38,1374,623,1724,1211;1555,1352,315,257,1264;
906
1680;1243,1399,1017,317,83;1281,569,412,339,276;1647,1178,224,408,1351;1491,1865,1423,374,678;
907
232;1756,1086,1229,513,1720;395,127,1671,1129,626;1486,1107,1869,182,1437;849,1593,993,887,1004;
908
835;1295,1811,14,490,1816;84,1367,357,1340,693;1513,40,1090,535,1316;1871,1288,26,537,92;
909
882;971,1235,526,318,40;823,732,917,856,499;313,335,1572,1666,127;1869,136,173,1140,1159;
910
407;883,1109,410,1369,1729;7,1703,1234,1594,750;1416,1835,920,1270,1811;523,1578,1735,1770,1514;
911
1869;1083,1616,1650,407,1722;1481,214,418,584,26;779,1642,1556,1518,1413;983,923,1199,581,1522;
912
659;1195,1866,1198,1160,1263;50,1628,1334,1040,1667;1505,1257,1735,1604,1886;905,1597,658,523,1123;
913
1760;1527,154,1055,1542,1167;1773,1067,783,681,1569;149,885,90,1138,442;1320,1081,704,158,1033;
914
462;552,203,1075,1820,323;899,12,908,757,1132;806,1095,35,1376,1803;1545,1660,580,926,1678;
915
588;519,1700,1569,1390,1897;1076,307,418,633,1413;992,859,1323,1011,1073;16,1767,1114,136,642;
916
634;1799,1700,796,252,1002;1790,14,1354,1510,1715;618,322,189,1182,1729;1851,765,1086,1303,323;
917
1865;757,257,208,42,105;386,108,1143,47,1125;1663,1513,701,1272,1899;1812,804,578,1834,607;
918
315;1226,1337,374,1857,1577;419,919,637,580,197;676,1878,731,1467,1808;172,1129,1454,1480,1179;
919
1453;785,1581,1207,310,911;1308,1681,1851,884,1610;274,155,1861,654,1746;640,1405,1502,527,93;
920
486;1000,1510,429,1857,1214;1802,412,433,25,1562;934,1888,1176,1534,65;1719,106,587,1169,354;
921
953;186,270,738,405,1034;211,1224,716,1838,71;1742,821,1575,1292,1570;501,755,118,1084,1155;
922
1223;1637,876,1395,731,188;1037,236,171,1304,1474;684,1307,23,1267,342;523,1478,404,1124,1221;
923
1549;1502,599,328,1006,666;349,885,1847,713,1571;1139,257,1474,1543,562;323,594,1801,939,1299;
924
1208;1741,607,24,872,461;869,1393,588,1143,1402;1246,1126,848,637,1340;877,1458,1107,1408,58;
925
232;311,182,1300,1860,748;1035,519,872,94,1239;45,1662,1209,495,1058;1002,1397,838,1079,607;
926
825;1659,1822,550,1805,793;1432,818,292,1720,846;1069,464,941,763,430;44,427,832,215,1113;
927
1858;1216,673,1501,1284,917;930,527,1597,875,984;458,859,1443,870,1116;887,1043,1025,374,518;
928
220;1611,1167,1628,1017,1421;140,518,70,1139,1345;980,731,340,1660,1733;1238,1020,711,800,1888;
929
1047;161,878,629,1164,6;407,173,1747,191,359;1057,527,1003,1783,1477;1343,830,62,1342,751;
930
1537;1215,1755,1300,1190,922;740,1807,1294,843,451;1467,1780,1306,1244,1140;186,145,371,638,882;
931
921;1711,1489,958,1239,1820;1307,113,401,1301,1019;1821,1346,1440,448,192;1102,683,1104,1721,1165;
932
1448;222,672,1098,1099,726;1270,667,1595,183,438;385,693,1399,1861,1049;1280,102,874,398,1709;
933
1247;484,876,1223,1068,423;1495,946,1208,2,785;505,1202,214,1406,1216;1665,1621,1643,656,125;
934
1583;193,837,387,1701,888;649,64,1322,1645,144;661,1680,902,1537,1576;924,1479,1665,570,1755;
935
957;265,1699,390,1506,1312;286,1849,1036,742,161;797,1127,1749,932,861;1715,18,1827,768,1780;
936
913;97,606,481,1356,1749;1600,1300,1569,762,918;1163,338,1487,1457,1413;1752,674,140,1161,1378;
937
1782;1524,1132,1414,341,243;7,286,1246,1588,316;192,1079,166,1605,1857;632,1730,1700,270,1475;
938
1522;1738,1855,356,1488,10;1261,1669,772,1747,1579;1110,223,1768,1210,1593;552,791,620,596,331;
939
1623;979,213,1428,1490,134;717,1116,1041,79,355;1494,209,1543,1216,1862;792,278,1360,280,637;
940
82;1456,1572,787,1821,1367;1285,220,924,434,1018;1832,397,1695,750,464;441,968,972,804,1570;
941
1678;1326,801,1301,1179,209;254,1828,250,1871,1414;1152,1700,1259,252,1673;47,1632,78,257,137;
942
1417;1690,144,801,1331,163;1225,1222,1866,1868,1487;839,314,1680,1187,441;1872,376,221,1057,381;
943
1824;852,456,1688,404,972;989,1372,1018,21,784;77,894,726,801,422;597,1062,1841,764,642;
944
691;427,447,1264,297,1241;611,1318,91,1607,1677;928,70,1187,1673,768;684,270,866,516,1722;
945
1056;863,458,1458,383,423;1719,64,1834,1579,1274;1450,1595,428,1131,1831;364,1172,95,697,989;
946
802;1867,102,1453,514,371;432,976,879,941,65;292,309,960,231,147;868,764,1389,1632,562;
947
933;706,680,1415,1065,1381;1140,799,18,1837,1730;1311,1800,1524,232,450;1611,1828,75,1725,555;
948
1587;1695,829,785,323,904;1110,1288,1625,940,857;445,588,1412,1832,1677;1684,908,491,1505,852;
949
909;1470,1434,1759,1201,672;604,1098,1575,624,1012;496,987,1788,1664,1531;914,1199,333,1485,1703;
950
430;1096,1774,897,1750,556;1221,1593,1257,411,1461;1526,1627,587,1413,1464;312,1702,1701,669,1775;
951
1155;1301,390,651,262,285;609,692,932,18,286;78,1139,213,1547,1851;992,1458,22,681,715;
952
690;398,567,977,209,888;1161,8,496,552,44;346,797,637,1575,1813;943,1459,279,1548,1868;
953
399;42,1036,161,1857,722;1181,1713,1141,1014,156;485,1665,1302,1776,1072;1548,1646,261,575,1780;
954
1458;1405,645,978,256,70;977,1082,1017,1208,51;511,753,44,72,139;1138,619,1437,702,1443;
955
501;1577,1655,580,1800,1224;1727,961,1589,586,157;313,1502,1091,1094,1079;1827,739,397,202,316;
956
1783;1630,461,1412,1161,806;175,848,1524,1163,715;78,529,514,931,1392;970,1542,88,225,617;
957
939;975,609,1571,1384,1426;1830,1194,422,1706,1203;1112,1539,1731,354,713;129,906,501,1473,245;
958
1541;170,1658,650,369,1024;1453,1496,1598,749,1630;1185,1083,157,312,1276;234,1285,968,1640,1784;
959
790;1061,391,1499,1455,1892;1477,1068,1021,1824,347;1717,1839,905,1393,1698;1042,228,1493,1002,1495;
960
1623;515,352,266,1145,1388;871,1574,1749,1801,1409;1052,405,1627,1810,401;1418,119,1245,1539,1142;
961
492;1883,1181,1871,1803,204;1407,511,179,248,213;675,1400,1554,1074,889;623,1435,1714,1087,526;
962
1272;548,1877,471,1142,383;1081,1428,1152,1415,890;1437,1405,1208,1852,117;1440,163,1787,1312,540;
963
733;463,1304,323,233,454;1197,959,1011,305,76;1520,876,26,1505,1370;1615,479,1309,719,1192;
964
1392;1642,632,1337,1681,1259;721,699,174,1101,1807;201,565,1281,1338,446;1871,795,1798,362,191;
965
206;812,797,1647,1489,547;566,174,1155,300,582;1436,1756,338,470,187;1605,1204,704,1722,1135;
966
982;726,2,157,1154,1693;535,380,665,1435,244;1494,556,1279,1850,955;835,1328,1583,1439,196;
967
242;1705,765,1049,288,796;1002,1448,230,1535,607;1584,76,1051,1381,1274;83,1843,1827,1409,1064;
968
427;195,1545,366,819,1685;1202,487,1400,981,1730;1527,1382,199,987,1483;102,320,963,1190,116;
969
731;1085,914,1280,45,1851;1390,288,1028,447,781;236,543,1606,1171,52;738,1741,1379,344,480;
970
265;272,1889,1516,1676,745;1209,1073,1597,1785,1242;274,1794,191,859,796;16,1430,994,1368,524;
971
897;805,1045,1288,1086,1078;554,179,6,1792,1610;223,1850,301,1732,969;1228,1864,974,526,1262;
972
1107;442,1476,457,850,502;555,745,335,88,440;1539,754,1163,962,1660;1465,220,948,169,203;
973
583;173,1412,1636,455,739;1117,125,1725,1879,1530;1635,1076,1571,905,233;1160,1047,1861,1647,77;
974
52;1222,763,1585,627,658;1601,409,1607,1488,1011;402,619,1056,501,140;704,282,284,792,1177;
975
914;1213,1122,47,1022,224;134,1041,1893,1394,295;1117,279,1136,556,1149;1637,1190,1133,1270,1448;
976
676;1789,155,1316,457,1438;1354,1721,1111,414,1603;774,1079,141,1835,257;167,1432,271,1611,948;
977
683;921,1370,784,968,1706;117,546,459,1281,1670;1408,211,1744,551,588;1625,96,1362,1336,465;
978
266;192,1751,1348,884,374;59,125,643,136,1595;1648,411,47,1736,1661;1623,1260,588,517,361;
979
107;1073,992,1331,1425,62;369,743,1608,1265,1745;1553,1397,716,1431,268;594,924,139,1644,840;
980
221;1539,1796,416,1316,66;317,1787,1898,831,1708;71,1620,1496,303,1303;1744,1187,535,583,1021;
981
1747;496,1696,1029,1422,47;1645,1117,1778,177,941;1859,1030,1108,720,1124;1352,1667,26,1491,1473;
982
1363;1086,317,158,1778,47;1454,967,678,1026,576;396,1252,1863,1799,998;1313,691,1325,1157,844;
983
1724;784,778,1414,746,1855;102,274,1670,868,1317;526,982,719,1253,370;595,1691,74,1236,1757;
984
840;1780,470,55,1221,842;127,1729,90,1227,285;552,396,642,1851,168;1420,1164,260,509,1489;
985
808;654,1514,1783,766,177;181,652,927,1815,1579;1388,967,847,736,1692;1132,1467,1249,98,1354;
986
1059;1007,951,113,373,1120;453,1080,263,1204,494;483,874,75,590,1101;954,1250,876,959,1819;
987
968;696,475,1352,53,599;91,519,510,1275,1684;305,104,365,1898,1494;1891,771,1224,1204,1553;
988
140;646,1084,148,350,1085;989,1160,259,200,156;470,230,1771,1267,361;12,29,1679,1003,633;
989
1777;1277,1408,571,899,1254;1853,728,1646,995,178;1762,1826,1307,470,1863;14,113,1094,1710,1314;
990
447;815,1474,621,1024,925;1830,1340,275,207,406;688,1023,214,1161,1243;1379,1184,1872,1686,1845;
991
230;1093,1268,918,500,1262;492,1665,1275,161,1848;127,1803,1189,811,940;333,1135,283,1575,1507;
992
1271;561,1580,1860,1812,1350;662,975,513,387,472;1589,1311,1681,1724,1751;529,138,1118,907,1797;
993
1086;957,613,1538,494,41;1234,877,201,864,968;882,682,763,1109,1863;1825,1720,1140,1888,1855;
994
1782;666,1073,974,1598,555;1649,109,240,224,827;1677,1667,887,514,1364;1180,1062,599,688,665;
995
843;1861,921,1693,214,1259;1038,1444,298,1449,1355;927,209,1118,416,1127;7,934,472,111,1091;
996
1481;1874,1683,542,1637,620;1685,1456,213,537,1459;615,818,206,336,419;1010,202,1166,1572,894;
997
1227;64,713,1698,1719,175;515,153,1197,344,1718;1024,1778,371,1731,1145;1550,1868,1595,202,1467;
998
1038;627,1677,890,132,1749;1062,1083,1344,409,793;1098,913,567,1872,203;1337,785,726,926,859;
999
1201;1246,564,1286,1131,1591;281,128,479,1577,29;1446,946,1149,1230,156;1768,1719,1239,323,1158;
